# time	p th	1e-1	25e-2	5e-1	75e-2	1
0.000000000000000000e+00 0.000000000000000000e+00 0.000000000000000000e+00 0.000000000000000000e+00 0.000000000000000000e+00 0.000000000000000000e+00 0.000000000000000000e+00
5.000000000000000278e-02 -1.457545648711366937e-03 -1.784259361414797023e-03 -1.468169993856349720e-03 -1.686850663002559259e-03 -1.441944757533045966e-03 -1.395286166658404881e-03
1.000000000000000056e-01 -5.683782919513991061e-03 -6.329654271208794668e-03 -5.755462055432758461e-03 -6.084933775968082159e-03 -5.568089635240309164e-03 -5.476040679391669386e-03
1.500000000000000222e-01 -1.226170165386442079e-02 -1.320974325857981850e-02 -1.242061598210852935e-02 -1.272943559406947145e-02 -1.189495383996291150e-02 -1.173453286442449617e-02
2.000000000000000111e-01 -2.056603241055166009e-02 -2.178771043594984400e-02 -2.080260877841411116e-02 -2.093236789899677319e-02 -1.971174405771749724e-02 -1.943671340511432533e-02
2.500000000000000000e-01 -2.985403889715199099e-02 -3.130897048737590199e-02 -3.012061810132848905e-02 -2.988912082519590285e-02 -2.820346794038483540e-02 -2.774905041197150979e-02
3.000000000000000444e-01 -3.936807634129557698e-02 -4.100547707470702380e-02 -3.958595940795106571e-02 -3.879729532763320776e-02 -3.658227068965658191e-02 -3.587163568099582811e-02
3.500000000000000333e-01 -4.843185079132306115e-02 -5.019326284692037649e-02 -4.850539257280317429e-02 -4.696538728600074819e-02 -4.419946018077820088e-02 -4.315089454988552120e-02
4.000000000000000222e-01 -5.652465702559150706e-02 -5.834734286536135545e-02 -5.635825925262594183e-02 -5.389254453952485591e-02 -5.061785186379610252e-02 -4.915252721185670026e-02
4.500000000000000111e-01 -6.332325459908139109e-02 -6.514372356196672376e-02 -6.283654740987998366e-02 -5.930813804802070877e-02 -5.563560847270210274e-02 -5.368591272618505883e-02
5.000000000000000000e-01 -6.870810682478856180e-02 -7.046545666613555914e-02 -6.784546102538513423e-02 -6.316909385432278867e-02 -5.926492060456606259e-02 -5.678243541791516691e-02
5.500000000000000444e-01 -7.273779424790260961e-02 -7.437678378721111760e-02 -7.147028991297332823e-02 -6.562148839378512122e-02 -6.167823449564992927e-02 -5.863956722413465883e-02
6.000000000000000888e-01 -7.560097096898954483e-02 -7.707489387780429302e-02 -7.392139828686339342e-02 -6.693898486357596767e-02 -6.313925419700242014e-02 -5.954807666481309880e-02
6.500000000000000222e-01 -7.755818519768542529e-02 -7.883161947435100847e-02 -7.547175921461501957e-02 -6.745327975511816732e-02 -6.393545890347714089e-02 -5.982048308077869692e-02
7.000000000000000666e-01 -7.888586385357387876e-02 -7.993720862153884388e-02 -7.640043235648974473e-02 -6.749072757900087538e-02 -6.432474370596943936e-02 -5.973521973020945453e-02
7.500000000000000000e-01 -7.983213011014189675e-02 -8.065556479031064929e-02 -7.695145581846318805e-02 -6.732543079905983774e-02 -6.450299999310023236e-02 -5.950441400946870907e-02
8.000000000000000444e-01 -8.058982782926316091e-02 -8.119606540102351777e-02 -7.731218665207961749e-02 -6.715364253568267827e-02 -6.459368976995270850e-02 -5.926582663495660874e-02
8.500000000000000888e-01 -8.128740187065308653e-02 -8.170252087200678692e-02 -7.760975586445439944e-02 -6.708887933142193560e-02 -6.465575255579261715e-02 -5.909338870087754714e-02
9.000000000000000222e-01 -8.199431070920049081e-02 -8.225616837407299931e-02 -7.792033648305363158e-02 -6.717299129925535794e-02 -6.470306284630171489e-02 -5.901741313261776867e-02
9.500000000000000666e-01 -8.273526336372816203e-02 -8.288753505421019019e-02 -7.828414075843781461e-02 -6.739631324172989935e-02 -6.472748737938655017e-02 -5.904543446926169281e-02
1.000000000000000000e+00 -8.350709042596271559e-02 -8.359172277381253513e-02 -7.871956729358231541e-02 -6.771997129880702460e-02 -6.471848132834799594e-02 -5.917723881039504974e-02
1.050000000000000044e+00 -8.429325337383319905e-02 -8.434281318088208967e-02 -7.923218649054319940e-02 -6.809496928237557256e-02 -6.467472880497737719e-02 -5.941170097447656673e-02
1.100000000000000089e+00 -8.507323134545652366e-02 -8.510499288669758078e-02 -7.981734547641750055e-02 -6.847509073135604751e-02 -6.460668841909406046e-02 -5.974688629762425762e-02
1.150000000000000133e+00 -8.582648080160359960e-02 -8.583990640160797658e-02 -8.045804330521377778e-02 -6.882316353137429843e-02 -6.453197583941674975e-02 -6.017707358553181507e-02
1.200000000000000178e+00 -8.653259048745964854e-02 -8.651107920996102540e-02 -8.112151715684490227e-02 -6.911220312475485628e-02 -6.446744962759609621e-02 -6.069042242215427763e-02
1.250000000000000000e+00 -8.717017381891101202e-02 -8.708675235520323132e-02 -8.175824896746419768e-02 -6.932395980126049295e-02 -6.442227131411391861e-02 -6.126955411783452377e-02
1.300000000000000044e+00 -8.771684995724138290e-02 -8.754221334021926315e-02 -8.230591827686950523e-02 -6.944733161887572948e-02 -6.439518557574548663e-02 -6.189541441849333303e-02
1.350000000000000089e+00 -8.815161629412471278e-02 -8.786202607991010216e-02 -8.269871685334706513e-02 -6.947818736053612554e-02 -6.437729274950775016e-02 -6.255324013816454531e-02
1.400000000000000133e+00 -8.845949648182660496e-02 -8.804187207243073521e-02 -8.288019727592654817e-02 -6.942084167283635310e-02 -6.435933976376793930e-02 -6.323861794628493627e-02
1.450000000000000178e+00 -8.863710371299182711e-02 -8.808935209818623269e-02 -8.281624363188200277e-02 -6.929026395983317599e-02 -6.434073977320843574e-02 -6.396155944011239214e-02
1.500000000000000000e+00 -8.869711338106589515e-02 -8.802320359408975781e-02 -8.250436120129478468e-02 -6.911348322254440291e-02 -6.433674972653116719e-02 -6.474710190209420624e-02
1.550000000000000044e+00 -8.866977661710828684e-02 -8.787087862740515509e-02 -8.197639512437859821e-02 -6.892874812593419165e-02 -6.438080889902526860e-02 -6.563196301659512955e-02
1.600000000000000089e+00 -8.860043535066597364e-02 -8.766504673967111250e-02 -8.129367523651254146e-02 -6.878174704592865396e-02 -6.452077680897064238e-02 -6.665795057005841073e-02
1.650000000000000133e+00 -8.854320850561769873e-02 -8.744002892764334012e-02 -8.053579564820978476e-02 -6.871929665648757179e-02 -6.480999552778696216e-02 -6.786381279401210165e-02
1.700000000000000178e+00 -8.855219344840703499e-02 -8.722920826844669795e-02 -7.978603155865826579e-02 -6.878193597416348837e-02 -6.529587481346313393e-02 -6.927769367337854867e-02
1.750000000000000000e+00 -8.867229048130997882e-02 -8.706405325678011342e-02 -7.911720006135780636e-02 -6.899739734642196254e-02 -6.600947187255061521e-02 -7.091218121897213678e-02
1.800000000000000044e+00 -8.893188879620850251e-02 -8.697468602711920516e-02 -7.858138242990975186e-02 -6.937675174643320730e-02 -6.695914041837743025e-02 -7.276318647667867623e-02
1.850000000000000089e+00 -8.933913978069796258e-02 -8.699121876096781170e-02 -7.820555872012491250e-02 -6.991423121837936350e-02 -6.812992292041680775e-02 -7.481280200306938966e-02
1.900000000000000133e+00 -8.988257628184492809e-02 -8.714467020389803087e-02 -7.799338306903536022e-02 -7.059064382372604030e-02 -6.948844150371710771e-02 -7.703514283932388906e-02
1.950000000000000178e+00 -9.053572619988781156e-02 -8.746634936203089017e-02 -7.793165934681312024e-02 -7.137930533126102262e-02 -7.099137571937871871e-02 -7.940329800770951074e-02
2.000000000000000000e+00 -9.126444321503734969e-02 -8.798515263901406092e-02 -7.799904461499096442e-02 -7.225281149433548933e-02 -7.259490856676127646e-02 -8.189529500449777011e-02
2.050000000000000266e+00 -9.203517661792548488e-02 -8.872307089291540938e-02 -7.817433592450484525e-02 -7.318890734951466470e-02 -7.426292743448649480e-02 -8.449761178582693155e-02
2.100000000000000089e+00 -9.282241233227805921e-02 -8.969003725751710510e-02 -7.844231984862304330e-02 -7.417417020000449668e-02 -7.597277122445925124e-02 -8.720596690235060677e-02
2.149999999999999911e+00 -9.361395969719876753e-02 -9.087976087887027210e-02 -7.879628528571913648e-02 -7.520505400837773635e-02 -7.771820554980735096e-02 -9.002414034411243549e-02
2.200000000000000178e+00 -9.441343356638665085e-02 -9.226818980316851826e-02 -7.923749719341799391e-02 -7.628673778172334607e-02 -7.950973620400049457e-02 -9.296183747547703824e-02
2.250000000000000000e+00 -9.523994712216499181e-02 -9.381569365234375402e-02 -7.977279870852171939e-02 -7.743080590470619029e-02 -8.137247803179152583e-02 -9.603220358729647188e-02
2.300000000000000266e+00 -9.612549023831018502e-02 -9.547307618342769364e-02 -8.041179627637262683e-02 -7.865280823836684476e-02 -8.334188458669049282e-02 -9.924913285917780215e-02
2.350000000000000089e+00 -9.711063183873580584e-02 -9.719035898700932596e-02 -8.116475227749475607e-02 -7.997023712108308757e-02 -8.545783898955347513e-02 -1.026244298929797072e-01
2.400000000000000355e+00 -9.823909131645769399e-02 -9.892622787091019665e-02 -8.204154095230720145e-02 -8.140075220930675926e-02 -8.775783041475745949e-02 -1.061650630568446996e-01
2.450000000000000178e+00 -9.955151346100832299e-02 -1.006554247915847217e-01 -8.305113813035447379e-02 -8.296001425766430515e-02 -9.027007998652199217e-02 -1.098707995287238059e-01
2.500000000000000000e+00 -1.010786308752391616e-01 -1.023714675375764077e-01 -8.420047885829617940e-02 -8.465850704336652655e-02 -9.300747172975457056e-02 -1.137322631628772118e-01
2.550000000000000266e+00 -1.028340468553694542e-01 -1.040830072757792241e-01 -8.549142973782863919e-02 -8.649717543549328980e-02 -9.596297285625135509e-02 -1.177291767196786409e-01
2.600000000000000089e+00 -1.048071606344593842e-01 -1.058037791860311078e-01 -8.691521314604244708e-02 -8.846233166189954034e-02 -9.910697017584466084e-02 -1.218286559300569838e-01
2.650000000000000355e+00 -1.069572033437002911e-01 -1.075380900374733745e-01 -8.844476902447695466e-02 -9.052083973827951269e-02 -1.023867955685062725e-01 -1.259839956588970633e-01
2.700000000000000178e+00 -1.092097735839043793e-01 -1.092655478125870022e-01 -9.002687888289884199e-02 -9.261695530629765472e-02 -1.057287953043588025e-01 -1.301350267518897041e-01
2.750000000000000000e+00 -1.114574329590856117e-01 -1.109296658230451843e-01 -9.157689328141316309e-02 -9.467230806141468946e-02 -1.090434657531602625e-01 -1.342112933422918708e-01
2.800000000000000266e+00 -1.135656624327858744e-01 -1.124346349103299975e-01 -9.297912135597385941e-02 -9.659027391480101699e-02 -1.122340454563202222e-01 -1.381387734478531915e-01
2.850000000000000089e+00 -1.153847232657332356e-01 -1.136528761034094476e-01 -9.409510507531493317e-02 -9.826530525235543934e-02 -1.152082475488727248e-01 -1.418498010515363283e-01
2.900000000000000355e+00 -1.167668017894190058e-01 -1.144433171193170867e-01 -9.478019871793108564e-02 -9.959670541563880874e-02 -1.178916902173917647e-01 -1.452946314953642570e-01
2.950000000000000178e+00 -1.175864862629769636e-01 -1.146773884598939336e-01 -9.490653692863659785e-02 -1.005050812491603551e-01 -1.202405770109034461e-01 -1.484521831290166460e-01
3.000000000000000000e+00 -1.177614631689891667e-01 -1.142673582457120890e-01 -9.438826677202172277e-02 -1.009486558069045969e-01 -1.222508655778078435e-01 -1.513372774149344124e-01
3.050000000000000266e+00 -1.172696722516994861e-01 -1.131905343746186648e-01 -9.320354229368632559e-02 -1.009361245432636167e-01 -1.239617672344905941e-01 -1.540023096200107133e-01
3.100000000000000089e+00 -1.161592741289889652e-01 -1.115034068227771374e-01 -9.140775104935983109e-02 -1.005329898694640178e-01 -1.254526859026137420e-01 -1.565324722784415812e-01
3.150000000000000355e+00 -1.145487384062831016e-01 -1.093418635914167186e-01 -8.913391059716602172e-02 -9.985930553774302609e-02 -1.268340878381519210e-01 -1.590349870467224758e-01
3.200000000000000178e+00 -1.126160216714202633e-01 -1.069066600235313164e-01 -8.657884677918303851e-02 -9.907831910003395137e-02 -1.282338162340464771e-01 -1.616239439346398576e-01
3.250000000000000000e+00 -1.105778511710451273e-01 -1.044365815434211558e-01 -8.397698047721036119e-02 -9.837729497321845429e-02 -1.297808756994235091e-01 -1.644032146066463085e-01
3.300000000000000266e+00 -1.086621201146216187e-01 -1.021744191386897288e-01 -8.156646665882050229e-02 -9.794342409971168451e-02 -1.315888615223038682e-01 -1.674505004987636436e-01
3.350000000000000089e+00 -1.070778801111822442e-01 -1.003323525579968706e-01 -7.955428588429214187e-02 -9.793877900767355982e-02 -1.337412196028245626e-01 -1.708057239304008323e-01
3.400000000000000355e+00 -1.059880306943639106e-01 -9.906329489630659457e-02 -7.808720654313106024e-02 -9.847849769734295933e-02 -1.362804673316233561e-01 -1.744663539557507193e-01
3.450000000000000178e+00 -1.054893908339131769e-01 -9.844325178123279618e-02 -7.723423458255496143e-02 -9.961576318659837170e-02 -1.392032494125617081e-01 -1.783907795559600551e-01
3.500000000000000000e+00 -1.056034625957169570e-01 -9.846719786672507302e-02 -7.698356628021940651e-02 -1.013359084499505514e-01 -1.424624321175625430e-01 -1.825088747469090222e-01
3.550000000000000266e+00 -1.062791530588063083e-01 -9.905803054828242471e-02 -7.725379923611086497e-02 -1.035604460322208098e-01 -1.459762779824684553e-01 -1.867371210872117437e-01
3.600000000000000089e+00 -1.074064500922418119e-01 -1.000855598700445132e-01 -7.791604771487925518e-02 -1.061602787723847641e-01 -1.496432888474730494e-01 -1.909946554392298879e-01
3.650000000000000355e+00 -1.088380410150528999e-01 -1.013908435919974454e-01 -7.882142736051278575e-02 -1.089759608024873927e-01 -1.533599743160567741e-01 -1.952166581425647252e-01
3.700000000000000178e+00 -1.104145429559690861e-01 -1.028107921298371114e-01 -7.982765065737496002e-02 -1.118417557360071868e-01 -1.570380323181896076e-01 -1.993625130253486866e-01
3.750000000000000000e+00 -1.119886371847869100e-01 -1.041987933710908226e-01 -8.081933713787492479e-02 -1.146095338643746686e-01 -1.606174971678243635e-01 -2.034178101724704035e-01
3.800000000000000266e+00 -1.134440034059405189e-01 -1.054387593651728711e-01 -8.171878219187789227e-02 -1.171684818836524755e-01 -1.640733544565864677e-01 -2.073909760305923111e-01
3.850000000000000089e+00 -1.147063486052606329e-01 -1.064519140215436227e-01 -8.248669115782902850e-02 -1.194573448446014652e-01 -1.674147252053382051e-01 -2.113065126511899372e-01
3.900000000000000355e+00 -1.157456628670849863e-01 -1.071972741701898574e-01 -8.311496615491265061e-02 -1.214674438034188952e-01 -1.706775507178051043e-01 -2.151971610579392902e-01
3.950000000000000178e+00 -1.165706761800959779e-01 -1.076677524102897937e-01 -8.361531931416266161e-02 -1.232366744123636337e-01 -1.739132113221728559e-01 -2.190968501914605238e-01
4.000000000000000000e+00 -1.172179263583461584e-01 -1.078840139379089041e-01 -8.400787705554435547e-02 -1.248365422780777223e-01 -1.771762003468116409e-01 -2.230354434178249967e-01
4.049999999999999822e+00 -1.177385909447141721e-01 -1.078877827509483328e-01 -8.431306271931759966e-02 -1.263555068944999249e-01 -1.805136598425419459e-01 -2.270354796691234078e-01
4.100000000000000533e+00 -1.181861806170849682e-01 -1.077355112169220280e-01 -8.454831610333002345e-02 -1.278822166977251484e-01 -1.839584989779557422e-01 -2.311106027946772112e-01
4.150000000000000355e+00 -1.186074312283051935e-01 -1.074925463371067952e-01 -8.472926375441147684e-02 -1.294916812305118015e-01 -1.875265009162939978e-01 -2.352652444276452925e-01
4.200000000000000178e+00 -1.190375227835356320e-01 -1.072274306388898285e-01 -8.487342092440286478e-02 -1.312363315341125158e-01 -1.912168199369072286e-01 -2.394952416642754933e-01
4.250000000000000000e+00 -1.194994438444778595e-01 -1.070059106061282822e-01 -8.500381321326955231e-02 -1.331426219485942752e-01 -1.950148263872151233e-01 -2.437892142949753538e-01
4.299999999999999822e+00 -1.200062555155831934e-01 -1.068845649767169309e-01 -8.515017982897887805e-02 -1.352126343919666240e-01 -1.988962682785226643e-01 -2.481305664272970279e-01
4.350000000000000533e+00 -1.205644482523395844e-01 -1.069045320156502971e-01 -8.534648489023055618e-02 -1.374292850120806264e-01 -2.028319146129413664e-01 -2.524999374196199575e-01
4.400000000000000355e+00 -1.211766350037803974e-01 -1.070863450224557173e-01 -8.562492121162534886e-02 -1.397633288138599994e-01 -2.067920364178140180e-01 -2.568778811154077690e-01
4.450000000000000178e+00 -1.218424220875058417e-01 -1.074271209411170463e-01 -8.600795976197517234e-02 -1.421804173367196000e-01 -2.107502485162591199e-01 -2.612475179185889118e-01
4.500000000000000000e+00 -1.225572332469875292e-01 -1.079011319984779366e-01 -8.650085807262186677e-02 -1.446468843621726563e-01 -2.146864407506849093e-01 -2.655968659507876861e-01
4.549999999999999822e+00 -1.233098343057013047e-01 -1.084641396805307995e-01 -8.708715485709106474e-02 -1.471335606276271690e-01 -2.185887800505221801e-01 -2.699205433785718533e-01
4.600000000000000533e+00 -1.240800130579096106e-01 -1.090609788370500016e-01 -8.772904173007134432e-02 -1.496176067620424988e-01 -2.224549721625730669e-01 -2.742206104511826226e-01
4.650000000000000355e+00 -1.248380868355867257e-01 -1.096350571633930432e-01 -8.837331825616701053e-02 -1.520829719155472048e-01 -2.262930097095861015e-01 -2.785064955776530571e-01
4.700000000000000178e+00 -1.255475530638761050e-01 -1.101379822635806111e-01 -8.896222977881507177e-02 -1.545204751614548400e-01 -2.301214633175641122e-01 -2.827941167676590872e-01
4.750000000000000000e+00 -1.261713441752174703e-01 -1.105376050941408866e-01 -8.944721130212940352e-02 -1.569285002266429530e-01 -2.339691067136315805e-01 -2.871043412329570277e-01
4.800000000000000711e+00 -1.266810205483857033e-01 -1.108233202135932988e-01 -8.980271281728846589e-02 -1.593148265788428830e-01 -2.378735106327509452e-01 -2.914608455479523741e-01
4.850000000000000533e+00 -1.270671444923232585e-01 -1.110082450691995820e-01 -9.003704940530354861e-02 -1.616993370451877965e-01 -2.418783465493936358e-01 -2.958874239450892674e-01
4.900000000000000355e+00 -1.273483419856962229e-01 -1.111285920871729477e-01 -9.019765193424689187e-02 -1.641165723014212929e-01 -2.460294789779753355e-01 -3.004049633205156944e-01
4.950000000000000178e+00 -1.275764158553500671e-01 -1.112409004047964917e-01 -9.036910050814128681e-02 -1.666166888112332600e-01 -2.503702857259849091e-01 -3.050285587839824952e-01
5.000000000000000000e+00 -1.278354184286527584e-01 -1.114177406390304131e-01 -9.066370004174828523e-02 -1.692635031280831370e-01 -2.549368107227666380e-01 -3.097653618308586765e-01
