# time	p th	1e-1	25e-2	5e-1	75e-2	1
0.000000000000000000e+00 0.000000000000000000e+00 0.000000000000000000e+00 0.000000000000000000e+00 0.000000000000000000e+00 0.000000000000000000e+00 0.000000000000000000e+00
5.000000000000000278e-02 -1.457545648711366937e-03 -1.316623521319115536e-03 -1.188438706201111472e-03 -1.375434100614469912e-03 -1.741641367934852877e-03 -1.515195099099919673e-03
1.000000000000000056e-01 -5.683782919513991061e-03 -5.669991031131970359e-03 -5.168835077817846013e-03 -5.479195591284735656e-03 -6.300161579907303036e-03 -5.751980389345767719e-03
1.500000000000000222e-01 -1.226170165386442079e-02 -1.259213913584744486e-02 -1.148663379417769193e-02 -1.185027259453796944e-02 -1.312055793335610392e-02 -1.217178930992268704e-02
2.000000000000000111e-01 -2.056603241055166009e-02 -2.137348822150996960e-02 -1.946152527985134384e-02 -1.980260624998564367e-02 -2.140631994132194058e-02 -1.999100020257937871e-02
2.500000000000000000e-01 -2.985403889715199099e-02 -3.117131434082764246e-02 -2.829611545269727912e-02 -2.853751634845913543e-02 -3.025600603779013062e-02 -2.832216756315508732e-02
3.000000000000000444e-01 -3.936807634129557698e-02 -4.113234810310117257e-02 -3.719567106905685705e-02 -3.726605569589480638e-02 -3.880874504117078072e-02 -3.632392178285481776e-02
3.500000000000000333e-01 -4.843185079132306115e-02 -5.050698994923940449e-02 -4.547612892693564390e-02 -4.531744235554135969e-02 -4.636884783278578948e-02 -4.332747103465983685e-02
4.000000000000000222e-01 -5.652465702559150706e-02 -5.873569151715328507e-02 -5.264173408612293770e-02 -5.221468876053236841e-02 -5.248670935102950352e-02 -4.891590059903361265e-02
4.500000000000000111e-01 -6.332325459908139109e-02 -6.549500087604796794e-02 -5.842163045350901029e-02 -5.770739029138383103e-02 -5.698505793066348940e-02 -5.294589868130028520e-02
5.000000000000000000e-01 -6.870810682478856180e-02 -7.069979644835909516e-02 -6.276427832681008567e-02 -6.176182309287625571e-02 -5.993288826022791227e-02 -5.551598021626968915e-02
5.500000000000000444e-01 -7.273779424790260961e-02 -7.446715589498607846e-02 -6.579730441877984504e-02 -6.451737665549295286e-02 -6.158055644530769507e-02 -5.689675162134921749e-02
6.000000000000000888e-01 -7.560097096898954483e-02 -7.705413312186769337e-02 -6.776631648239828110e-02 -6.622388398707101942e-02 -6.227594229220774491e-02 -5.744464814889660431e-02
6.500000000000000222e-01 -7.755818519768542529e-02 -7.878512624626131389e-02 -6.896826727373905896e-02 -6.717571286514179008e-02 -6.238230456953412079e-02 -5.752022823785063466e-02
7.000000000000000666e-01 -7.888586385357387876e-02 -7.998413448895290434e-02 -6.969316391050028869e-02 -6.765589225068424639e-02 -6.221414769357459101e-02 -5.742671580576397261e-02
7.500000000000000000e-01 -7.983213011014189675e-02 -8.092358643296825027e-02 -7.018329152010949201e-02 -6.789839340122227895e-02 -6.200000450705307753e-02 -5.737640472942562297e-02
8.000000000000000444e-01 -8.058982782926316091e-02 -8.179584771395019549e-02 -7.061324455577278059e-02 -6.807074824779490996e-02 -6.187295515856937322e-02 -5.748441125373870975e-02
8.500000000000000888e-01 -8.128740187065308653e-02 -8.270756208461625680e-02 -7.108861278855016508e-02 -6.827413025125572688e-02 -6.188313260465526378e-02 -5.778317533549071072e-02
9.000000000000000222e-01 -8.199431070920049081e-02 -8.369209643754869921e-02 -7.165745687149893683e-02 -6.855494034558873295e-02 -6.202278749244764106e-02 -5.824815582433640060e-02
9.500000000000000666e-01 -8.273526336372816203e-02 -8.473252299912024943e-02 -7.232736258124816686e-02 -6.892116388272917504e-02 -6.225403991351186050e-02 -5.882533650171106743e-02
1.000000000000000000e+00 -8.350709042596271559e-02 -8.578708838191671793e-02 -7.308176869056381975e-02 -6.935792760387471390e-02 -6.253164580207008771e-02 -5.945363027572980741e-02
1.050000000000000044e+00 -8.429325337383319905e-02 -8.681065875149050759e-02 -7.389170161253844071e-02 -6.983898016654777052e-02 -6.281677848794704755e-02 -6.007880740026561028e-02
1.100000000000000089e+00 -8.507323134545652366e-02 -8.776839723889649780e-02 -7.472198879003855154e-02 -7.033331917787322141e-02 -6.308164278815790726e-02 -6.065898113052359264e-02
1.150000000000000133e+00 -8.582648080160359960e-02 -8.864095558780425710e-02 -7.553345956470280953e-02 -7.080812845741135675e-02 -6.330760289247432115e-02 -6.116409557758162308e-02
1.200000000000000178e+00 -8.653259048745964854e-02 -8.942289213775821144e-02 -7.628389329106255445e-02 -7.123014091807711168e-02 -6.348080133378175560e-02 -6.157287517893905715e-02
1.250000000000000000e+00 -8.717017381891101202e-02 -9.011734361630273360e-02 -7.693033546019023561e-02 -7.156744974521345171e-02 -6.358892058671017367e-02 -6.187036059677186728e-02
1.300000000000000044e+00 -8.771684995724138290e-02 -9.073007243065588090e-02 -7.743414929866077046e-02 -7.179291062406889523e-02 -6.362121562578772205e-02 -6.204785833114900839e-02
1.350000000000000089e+00 -8.815161629412471278e-02 -9.126516430257856916e-02 -7.776841349063090547e-02 -7.188905220480990010e-02 -6.357193189242672793e-02 -6.210544278490992554e-02
1.400000000000000133e+00 -8.845949648182660496e-02 -9.172335461604673446e-02 -7.792573196994112550e-02 -7.185331712884490685e-02 -6.344546579543457188e-02 -6.205566230751413670e-02
1.450000000000000178e+00 -8.863710371299182711e-02 -9.210274667603711440e-02 -7.792376610780138435e-02 -7.170186706382253305e-02 -6.326069136209058752e-02 -6.192627888543800196e-02
1.500000000000000000e+00 -8.869711338106589515e-02 -9.240093047147011907e-02 -7.780609669296723041e-02 -7.147028264884447424e-02 -6.305200915090519720e-02 -6.175994449886257343e-02
1.550000000000000044e+00 -8.866977661710828684e-02 -9.261735150034587638e-02 -7.763725692981893189e-02 -7.121022331650905812e-02 -6.286574978052862639e-02 -6.160963658013995925e-02
1.600000000000000089e+00 -8.860043535066597364e-02 -9.275510753914416318e-02 -7.749251505675402996e-02 -7.098223213928278597e-02 -6.275216679983862400e-02 -6.153013244055705044e-02
1.650000000000000133e+00 -8.854320850561769873e-02 -9.282189293413621589e-02 -7.744463340060292467e-02 -7.084601107516519392e-02 -6.275482036658767970e-02 -6.156731204179921590e-02
1.700000000000000178e+00 -8.855219344840703499e-02 -9.283026679907101231e-02 -7.755083843150600842e-02 -7.085028814479699122e-02 -6.290016349742207080e-02 -6.174811100465582570e-02
1.750000000000000000e+00 -8.867229048130997882e-02 -9.279758886426846265e-02 -7.784327310513816656e-02 -7.102460264087895325e-02 -6.319027744756924858e-02 -6.207409789356077567e-02
1.800000000000000044e+00 -8.893188879620850251e-02 -9.274581679652448007e-02 -7.832525831865666532e-02 -7.137489110204953136e-02 -6.360093369997975310e-02 -6.252080039560459213e-02
1.850000000000000089e+00 -8.933913978069796258e-02 -9.270102762082287062e-02 -7.897406981687282723e-02 -7.188381012737110609e-02 -6.408574262608052186e-02 -6.304329067637892692e-02
1.900000000000000133e+00 -8.988257628184492809e-02 -9.269224636510030313e-02 -7.974915289672424024e-02 -7.251557217182735826e-02 -6.458552795491653842e-02 -6.358669557057217148e-02
1.950000000000000178e+00 -9.053572619988781156e-02 -9.274915000689885891e-02 -8.060330030019713377e-02 -7.322403340426220097e-02 -6.504072741611269248e-02 -6.409886263906150461e-02
2.000000000000000000e+00 -9.126444321503734969e-02 -9.289855298910686121e-02 -8.149371878296562954e-02 -7.396213436665632912e-02 -6.540393640596972591e-02 -6.454188379673153619e-02
2.050000000000000266e+00 -9.203517661792548488e-02 -9.316018504956778690e-02 -8.239025011462786097e-02 -7.469069127288285870e-02 -6.564983392046820632e-02 -6.489970734997463353e-02
2.100000000000000089e+00 -9.282241233227805921e-02 -9.354290084306880748e-02 -8.327912987446950410e-02 -7.538493594827500033e-02 -6.578055351372173731e-02 -6.518041344582004015e-02
2.149999999999999911e+00 -9.361395969719876753e-02 -9.404280745028968658e-02 -8.416215725635112221e-02 -7.603792843093870601e-02 -6.582577849082818511e-02 -6.541335727037189685e-02
2.200000000000000178e+00 -9.441343356638665085e-02 -9.464461373842601721e-02 -8.505250444326151182e-02 -7.666076261774179557e-02 -6.583805507602846774e-02 -6.564270486673073890e-02
2.250000000000000000e+00 -9.523994712216499181e-02 -9.532672585188527170e-02 -8.596917848144869367e-02 -7.728010528929019074e-02 -6.588468684872357539e-02 -6.591947622285321273e-02
2.300000000000000266e+00 -9.612549023831018502e-02 -9.606939279871438975e-02 -8.693213979285019377e-02 -7.793389460237776234e-02 -6.603791704517586458e-02 -6.629397124877645098e-02
2.350000000000000089e+00 -9.711063183873580584e-02 -9.686391403196380201e-02 -8.795934153322804150e-02 -7.866595646150997823e-02 -6.636494588466095024e-02 -6.680962235040555086e-02
2.400000000000000355e+00 -9.823909131645769399e-02 -9.772001586361155068e-02 -8.906579944785164571e-02 -7.951999688793343068e-02 -6.691886099920749120e-02 -6.749833721664266761e-02
2.450000000000000178e+00 -9.955151346100832299e-02 -9.866838944216914375e-02 -9.026369171323267437e-02 -8.053310843960659327e-02 -6.773104849215152989e-02 -6.837672192540056315e-02
2.500000000000000000e+00 -1.010786308752391616e-01 -9.975625065550274007e-02 -9.156186129821719533e-02 -8.172880773540391885e-02 -6.880533011350090100e-02 -6.944248695284205297e-02
2.550000000000000266e+00 -1.028340468553694542e-01 -1.010355193664658063e-01 -9.296321830856157931e-02 -8.310983003747551834e-02 -7.011404192082990039e-02 -7.067084102461151929e-02
2.600000000000000089e+00 -1.048071606344593842e-01 -1.025454028558136915e-01 -9.445941673451585530e-02 -8.465142048312834788e-02 -7.159647670081802084e-02 -7.201151407540962168e-02
2.650000000000000355e+00 -1.069572033437002911e-01 -1.042931916606093384e-01 -9.602353517337292033e-02 -8.629648890838836905e-02 -7.316037602597999512e-02 -7.338781933368121457e-02
2.700000000000000178e+00 -1.092097735839043793e-01 -1.062382946881434836e-01 -9.760285667486101602e-02 -8.795443655427170881e-02 -7.468725366580977743e-02 -7.469947867630999383e-02
2.750000000000000000e+00 -1.114574329590856117e-01 -1.082844950750505436e-01 -9.911470577108616453e-02 -8.950541949483969972e-02 -7.604208722092269113e-02 -7.583056555768852292e-02
2.800000000000000266e+00 -1.135656624327858744e-01 -1.102839675137800984e-01 -1.004482688745866881e-01 -9.081111017552601083e-02 -7.708728041811872822e-02 -7.666287296106411020e-02
2.850000000000000089e+00 -1.153847232657332356e-01 -1.120540292487426232e-01 -1.014742636867183023e-01 -9.173169438900785622e-02 -7.769987354626392562e-02 -7.709353083904524340e-02
2.900000000000000355e+00 -1.167668017894190058e-01 -1.134045060957600132e-01 -1.020624200183561925e-01 -9.214717277705730680e-02 -7.778998273438493538e-02 -7.705418247394568709e-02
2.950000000000000178e+00 -1.175864862629769636e-01 -1.141707714802375623e-01 -1.021044626345002371e-01 -9.197947728396549394e-02 -7.731765382131704223e-02 -7.652793787152889493e-02
3.000000000000000000e+00 -1.177614631689891667e-01 -1.142457210623337577e-01 -1.015382841623946319e-01 -9.121096564621566927e-02 -7.630497645760353498e-02 -7.556003894901852647e-02
3.050000000000000266e+00 -1.172696722516994861e-01 -1.136036941218332291e-01 -1.003678850906908337e-01 -8.989491061894838708e-02 -7.484058616162611588e-02 -7.425889905297022864e-02
3.100000000000000089e+00 -1.161592741289889652e-01 -1.123107778711052024e-01 -9.867385746584744766e-02 -8.815479203536646935e-02 -7.307462552022217506e-02 -7.278586821719557065e-02
3.150000000000000355e+00 -1.145487384062831016e-01 -1.105187307592902929e-01 -9.661077790177330371e-02 -8.617134275366034046e-02 -7.120373515843898826e-02 -7.133440842591598496e-02
3.200000000000000178e+00 -1.126160216714202633e-01 -1.084432806408574951e-01 -9.439054813018543655e-02 -8.415891318511725672e-02 -6.944745899686052826e-02 -7.010181217717015301e-02
3.250000000000000000e+00 -1.105778511710451273e-01 -1.063309519944155429e-01 -9.225385352493731261e-02 -8.233515155149362386e-02 -6.801923200746450016e-02 -6.925854612891413353e-02
3.300000000000000266e+00 -1.086621201146216187e-01 -1.044210360467978521e-01 -9.043472135807917311e-02 -8.088960954251156465e-02 -6.709648166728734986e-02 -6.892120556041270163e-02
3.350000000000000089e+00 -1.070778801111822442e-01 -1.029102599559017367e-01 -8.912492575205988032e-02 -7.995723562004286578e-02 -6.679496086755183637e-02 -6.913461223900796426e-02
3.400000000000000355e+00 -1.059880306943639106e-01 -1.019269360835739352e-01 -8.844523491315925412e-02 -7.960170017042855761e-02 -6.715201360860431623e-02 -6.986680368554765153e-02
3.450000000000000178e+00 -1.054893908339131769e-01 -1.015190983322255963e-01 -8.842914231230736277e-02 -7.981135985222209683e-02 -6.812204223282472548e-02 -7.101792623012137540e-02
3.500000000000000000e+00 -1.056034625957169570e-01 -1.016579437895792498e-01 -8.902208740817485477e-02 -8.050795424332513051e-02 -6.958523544672425010e-02 -7.244100781221840535e-02
3.550000000000000266e+00 -1.062791530588063083e-01 -1.022545764750581870e-01 -9.009589207877866102e-02 -8.156551175284576516e-02 -7.136808701135619049e-02 -7.397000390212404852e-02
3.600000000000000089e+00 -1.074064500922418119e-01 -1.031853806532367773e-01 -9.147499971717820699e-02 -8.283504471968683447e-02 -7.327195118800804152e-02 -7.544903996812291069e-02
3.650000000000000355e+00 -1.088380410150528999e-01 -1.043199243844217111e-01 -9.296883114302545437e-02 -8.416983850279002866e-02 -7.510436593219556312e-02 -7.675679584824290913e-02
3.700000000000000178e+00 -1.104145429559690861e-01 -1.055453575937725791e-01 -9.440365235597880655e-02 -8.544657813844835914e-02 -7.670746810360087875e-02 -7.782147193589050715e-02
3.750000000000000000e+00 -1.119886371847869100e-01 -1.067826979839203577e-01 -9.564792501919328060e-02 -8.657899102630928212e-02 -7.797859640105522794e-02 -7.862431249767709573e-02
3.800000000000000266e+00 -1.134440034059405189e-01 -1.079927345559727886e-01 -9.662696114496327482e-02 -8.752267289171555831e-02 -7.887991761504527244e-02 -7.919250718710912906e-02
3.850000000000000089e+00 -1.147063486052606329e-01 -1.091718864532076200e-01 -9.732532170616536860e-02 -8.827177834218602470e-02 -7.943619670395128674e-02 -7.958464368853501725e-02
3.900000000000000355e+00 -1.157456628670849863e-01 -1.103405855529260154e-01 -9.777813090359188664e-02 -8.884982623582615702e-02 -7.972214253898120273e-02 -7.987312929811363205e-02
3.950000000000000178e+00 -1.165706761800959779e-01 -1.115281170327442201e-01 -9.805468623156343710e-02 -8.929769228975814599e-02 -7.984261820988239333e-02 -8.012791462952417731e-02
4.000000000000000000e+00 -1.172179263583461584e-01 -1.127581285498280156e-01 -9.823896006757593113e-02 -8.966185607306442762e-02 -7.991007001205079063e-02 -8.040465523803108638e-02
4.049999999999999822e+00 -1.177385909447141721e-01 -1.140382728070932078e-01 -9.841161062134062831e-02 -8.998526508401383239e-02 -8.002365932282787253e-02 -8.073867478051166557e-02
4.100000000000000533e+00 -1.181861806170849682e-01 -1.153559829814021220e-01 -9.863705070909389860e-02 -9.030205182023465227e-02 -8.025382622748446215e-02 -8.114438025642600749e-02
4.150000000000000355e+00 -1.186074312283051935e-01 -1.166806349939264187e-01 -9.895732487699149260e-02 -9.063612746280647059e-02 -8.063458288801604590e-02 -8.161862103288619608e-02
4.200000000000000178e+00 -1.190375227835356320e-01 -1.179707627940728976e-01 -9.939253996300578820e-02 -9.100268495396690582e-02 -8.116405224644690497e-02 -8.214608127763423084e-02
4.250000000000000000e+00 -1.194994438444778595e-01 -1.191839118486192894e-01 -9.994592065662999403e-02 -9.141108211978554721e-02 -8.181201435218572737e-02 -8.270503844417520511e-02
4.299999999999999822e+00 -1.200062555155831934e-01 -1.202863241323015309e-01 -1.006106373672821519e-01 -9.186751562655359749e-02 -8.253186483864441425e-02 -8.327239165983879587e-02
4.350000000000000533e+00 -1.205644482523395844e-01 -1.212599561017934924e-01 -1.013755678380690028e-01 -9.237628389602292600e-02 -8.327370387329027790e-02 -8.382742424830613714e-02
4.400000000000000355e+00 -1.211766350037803974e-01 -1.221051962518870659e-01 -1.022280261219421504e-01 -9.293912265722070742e-02 -8.399538460750477498e-02 -8.435411854487151473e-02
4.450000000000000178e+00 -1.218424220875058417e-01 -1.228388322127571264e-01 -1.031529063634906151e-01 -9.355288493360092161e-02 -8.466920548612458242e-02 -8.484200050257184600e-02
4.500000000000000000e+00 -1.225572332469875292e-01 -1.234880341383081948e-01 -1.041291887185380460e-01 -9.420652913472160606e-02 -8.528331146519087247e-02 -8.528561198247741615e-02
4.549999999999999822e+00 -1.233098343057013047e-01 -1.240821062253871510e-01 -1.051258810502275765e-01 -9.487880604943654816e-02 -8.583843084090227171e-02 -8.568294494373240866e-02
4.600000000000000533e+00 -1.240800130579096106e-01 -1.246443034808031036e-01 -1.060998859248485360e-01 -9.553808397528840146e-02 -8.634191495971381414e-02 -8.603354403172724929e-02
4.650000000000000355e+00 -1.248380868355867257e-01 -1.251860067519316722e-01 -1.069978646235369979e-01 -9.614538068212219457e-02 -8.680179637596077691e-02 -8.633733329792558919e-02
4.700000000000000178e+00 -1.255475530638761050e-01 -1.257049940184273573e-01 -1.077630345637459186e-01 -9.666092825928451759e-02 -8.722349387861624836e-02 -8.659528330869914470e-02
4.750000000000000000e+00 -1.261713441752174703e-01 -1.261885555658981140e-01 -1.083463015200791801e-01 -9.705361959011504780e-02 -8.761083808267579320e-02 -8.681258811894521088e-02
4.800000000000000711e+00 -1.266810205483857033e-01 -1.266209819317243024e-01 -1.087196229182296747e-01 -9.731168796216493888e-02 -8.797148877928151478e-02 -8.700405402396471644e-02
4.850000000000000533e+00 -1.270671444923232585e-01 -1.269937736225745517e-01 -1.088884497157494025e-01 -9.745221172288154321e-02 -8.832501291564653911e-02 -8.720018184074085354e-02
4.900000000000000355e+00 -1.273483419856962229e-01 -1.273160551384932837e-01 -1.088998143055519563e-01 -9.752675941414601368e-02 -8.871046709091087723e-02 -8.745144123523118651e-02
4.950000000000000178e+00 -1.275764158553500671e-01 -1.276223453094970928e-01 -1.088432395384586471e-01 -9.762086327236296768e-02 -8.918982199561911739e-02 -8.782800939682866570e-02
5.000000000000000000e+00 -1.278354184286527584e-01 -1.279751626315217272e-01 -1.088430340253410122e-01 -9.784605349514308159e-02 -8.984429111710391658e-02 -8.841308182830909246e-02
