# time	p th	1e-1	25e-2	5e-1	75e-2	1
0.000000000000000000e+00 0.000000000000000000e+00 0.000000000000000000e+00 0.000000000000000000e+00 0.000000000000000000e+00 0.000000000000000000e+00 0.000000000000000000e+00
5.000000000000000278e-02 -1.377083980155475746e-03 -1.511919975272224548e-03 -1.423715103732181575e-03 -1.442866537160192308e-03 -1.474836461839990065e-03 -1.363690282192575598e-03
1.000000000000000056e-01 -5.259381264614546893e-03 -5.580147094189080725e-03 -5.343593127471457649e-03 -5.394504578204450951e-03 -5.452811739516580034e-03 -5.180661710556255795e-03
1.500000000000000222e-01 -1.096047361553587583e-02 -1.145875791311312675e-02 -1.102695963668409718e-02 -1.108487639821520432e-02 -1.113767791157127540e-02 -1.065139396602826638e-02
2.000000000000000111e-01 -1.752003189760785104e-02 -1.812946333956677591e-02 -1.746538325185786888e-02 -1.745881751451239250e-02 -1.744490545707207824e-02 -1.668821699727374153e-02
2.500000000000000000e-01 -2.392307252386928137e-02 -2.453816359436478134e-02 -2.361274344130914749e-02 -2.343602184048387826e-02 -2.327395353642532777e-02 -2.219879319949602525e-02
3.000000000000000444e-01 -2.931356867198672833e-02 -2.981992776709962989e-02 -2.861266106404802834e-02 -2.815625370252150539e-02 -2.776214725348687823e-02 -2.634571653605949360e-02
3.500000000000000333e-01 -3.314683451056708863e-02 -3.345321489769959022e-02 -3.195487249886830305e-02 -3.114176072044061439e-02 -3.044907778446311747e-02 -2.870780043122272973e-02
4.000000000000000222e-01 -3.524763925184601354e-02 -3.530999136878987255e-02 -3.352627471483460297e-02 -3.233987385812819859e-02 -3.131437308423653393e-02 -2.930715298315872408e-02
4.500000000000000111e-01 -3.577175136429815855e-02 -3.560248205729255044e-02 -3.355695291509808165e-02 -3.204940132894018578e-02 -3.069499561829114667e-02 -2.851324644398967045e-02
5.000000000000000000e-01 -3.509676768196598462e-02 -3.475757019431868766e-02 -3.249230980036377225e-02 -3.076985807771437376e-02 -2.912496433798613532e-02 -2.687309062298776086e-02
5.500000000000000444e-01 -3.368466034814431714e-02 -3.326661857383506060e-02 -3.083962726367350804e-02 -2.903102887536479493e-02 -2.715836216005130047e-02 -2.493262273765700643e-02
6.000000000000000888e-01 -3.195938014906261199e-02 -3.155767442376833376e-02 -2.903690950645798630e-02 -2.725724213904767712e-02 -2.523154003613766599e-02 -2.310545742363057098e-02
6.500000000000000222e-01 -3.022989364345875229e-02 -2.992123326979456710e-02 -2.737621250311628174e-02 -2.569975200313046049e-02 -2.359731387095813024e-02 -2.161801457572082308e-02
7.000000000000000666e-01 -2.866862410645197243e-02 -2.849753326951420807e-02 -2.599034360389329557e-02 -2.444162206604871823e-02 -2.233354334408484826e-02 -2.052766334011552063e-02
7.500000000000000000e-01 -2.733556204055972300e-02 -2.731190324788135282e-02 -2.488993210376655441e-02 -2.345405250377130546e-02 -2.140288634943273566e-02 -1.978596950152067269e-02
8.000000000000000444e-01 -2.622597782820790258e-02 -2.633216181426034641e-02 -2.402463905021856583e-02 -2.266989144365794129e-02 -2.072824794615938868e-02 -1.931034926225538850e-02
8.500000000000000888e-01 -2.531764088768568427e-02 -2.552124259588839372e-02 -2.334066409774848694e-02 -2.204195896068072980e-02 -2.025160476842683896e-02 -1.903470624856906657e-02
9.000000000000000222e-01 -2.460039778848738604e-02 -2.486710678560599685e-02 -2.281503322508204867e-02 -2.156744171643298902e-02 -1.995834411090968707e-02 -1.892666890151162296e-02
9.500000000000000666e-01 -2.408248039243119504e-02 -2.438536121004974966e-02 -2.246047506298531893e-02 -2.127763847048769197e-02 -1.986725469003877004e-02 -1.897670755016539479e-02
1.000000000000000000e+00 -2.377872106795592827e-02 -2.410189962059883229e-02 -2.230721698638360451e-02 -2.120689142650900028e-02 -2.000016982383242409e-02 -1.917510468424366010e-02
1.050000000000000044e+00 -2.369197823272628511e-02 -2.402912874316376346e-02 -2.237540167104867805e-02 -2.136047327224444015e-02 -2.035045921607303576e-02 -1.949348438677195317e-02
1.100000000000000089e+00 -2.379917816296824723e-02 -2.414877165986262231e-02 -2.265246417179622718e-02 -2.169772103345901648e-02 -2.086592656971679102e-02 -1.988046820946137716e-02
1.150000000000000133e+00 -2.404876945588313442e-02 -2.440860868771488335e-02 -2.308494631338420255e-02 -2.213699888190534537e-02 -2.145259309645671658e-02 -2.027126323339151215e-02
1.200000000000000178e+00 -2.436998394608792806e-02 -2.473318599954810182e-02 -2.358684561852841810e-02 -2.257832569257378630e-02 -2.199615393323288079e-02 -2.060392481481460036e-02
1.250000000000000000e+00 -2.468912024712835787e-02 -2.504278685183658482e-02 -2.405995268236482687e-02 -2.293242842574261253e-02 -2.239153461204845819e-02 -2.083348399705003962e-02
1.300000000000000044e+00 -2.494597031801305473e-02 -2.527272022345705693e-02 -2.441797129955625145e-02 -2.314391290570982918e-02 -2.256959222615891741e-02 -2.093850120769708001e-02
1.350000000000000089e+00 -2.510466610134273052e-02 -2.538629224134447693e-02 -2.460618165494588006e-02 -2.320055785887398248e-02 -2.251283383885212958e-02 -2.091989413768036155e-02
1.400000000000000133e+00 -2.515641096399008278e-02 -2.537831514025368218e-02 -2.461118347150681451e-02 -2.312763208110468760e-02 -2.225686429735048572e-02 -2.079570530326563249e-02
1.450000000000000178e+00 -2.511499382373926989e-02 -2.526980236779163835e-02 -2.445923584226128433e-02 -2.297220318971393560e-02 -2.187885686897687518e-02 -2.059596867987345536e-02
1.500000000000000000e+00 -2.500820609346703777e-02 -2.509712567640154379e-02 -2.420528553532808047e-02 -2.278522150021278225e-02 -2.147731479479146263e-02 -2.035945846144415761e-02
1.550000000000000044e+00 -2.486871674823788736e-02 -2.489979211171833295e-02 -2.391691590923339383e-02 -2.260816062091830503e-02 -2.114856318827055756e-02 -2.013100849044408003e-02
1.600000000000000089e+00 -2.472694728698201019e-02 -2.471040225114629063e-02 -2.365789890948488683e-02 -2.246739384419715879e-02 -2.096529520679846215e-02 -1.995662297177708266e-02
1.650000000000000133e+00 -2.460689315623199036e-02 -2.454897310924519793e-02 -2.347515941947264650e-02 -2.237541661094244461e-02 -2.096166186696021144e-02 -1.987482617081259839e-02
1.700000000000000178e+00 -2.452452265087458685e-02 -2.442230379474941149e-02 -2.339141371947017767e-02 -2.233541555222151587e-02 -2.112804699510399328e-02 -1.990581794664852966e-02
1.750000000000000000e+00 -2.448780646317203630e-02 -2.432777483142578578e-02 -2.340412315200990356e-02 -2.234541117416277700e-02 -2.141670816576864839e-02 -2.004290441633277409e-02
1.800000000000000044e+00 -2.449754455876586648e-02 -2.425996851118661368e-02 -2.349007358788957056e-02 -2.239987558971534565e-02 -2.175688513162780599e-02 -2.025127620686462127e-02
1.850000000000000089e+00 -2.454858676062457445e-02 -2.421777811797976021e-02 -2.361396224709322311e-02 -2.248909629048445602e-02 -2.207524701741866296e-02 -2.047674202531463150e-02
1.900000000000000133e+00 -2.463138354398665755e-02 -2.420936614917768015e-02 -2.373881305486325033e-02 -2.259824478466621045e-02 -2.231562984837028724e-02 -2.066253900480097272e-02
1.950000000000000178e+00 -2.473385388822776920e-02 -2.425269679562358505e-02 -2.383580906081816941e-02 -2.270829972651766671e-02 -2.245193183976016901e-02 -2.076814590059872234e-02
2.000000000000000000e+00 -2.484338358833554361e-02 -2.437060103949173495e-02 -2.389125510686151976e-02 -2.279973731525719582e-02 -2.249023055409342040e-02 -2.078243144175845325e-02
2.050000000000000266e+00 -2.494859162486165113e-02 -2.458129795727959088e-02 -2.390894896368012112e-02 -2.285804924110068637e-02 -2.246008979361521080e-02 -2.072551153657620215e-02
2.100000000000000089e+00 -2.504051733393424656e-02 -2.488739904109305012e-02 -2.390728507585815343e-02 -2.287875178976772617e-02 -2.239913393569289285e-02 -2.063853160746281779e-02
2.149999999999999911e+00 -2.511311859952542261e-02 -2.526776071348768582e-02 -2.391182606432118440e-02 -2.286938214767220146e-02 -2.233749524233423142e-02 -2.056593645184678909e-02
2.200000000000000178e+00 -2.516329042065876959e-02 -2.567631386782287528e-02 -2.394552434473729008e-02 -2.284715160871531037e-02 -2.228848619613884446e-02 -2.053805081192600079e-02
2.250000000000000000e+00 -2.519080495476231502e-02 -2.604993473649674929e-02 -2.401977197824534116e-02 -2.283287223866781179e-02 -2.224884891796434158e-02 -2.056140486470375839e-02
2.300000000000000266e+00 -2.519850233570309836e-02 -2.632409531798385327e-02 -2.412952371010912422e-02 -2.284354642768660071e-02 -2.220750980329218999e-02 -2.062043402893815047e-02
2.350000000000000089e+00 -2.519275118808139008e-02 -2.645170767008597768e-02 -2.425463553838436148e-02 -2.288673899142890100e-02 -2.215793384723515475e-02 -2.068884323414704740e-02
2.400000000000000355e+00 -2.518382048514325802e-02 -2.641870977421190148e-02 -2.436746879438955737e-02 -2.295915038649509743e-02 -2.210767379512978970e-02 -2.074461238359831539e-02
2.450000000000000178e+00 -2.518557729820628324e-02 -2.625050404751749777e-02 -2.444436285449769208e-02 -2.304994446744035308e-02 -2.208017792492319303e-02 -2.078130324039556553e-02
2.500000000000000000e+00 -2.521398823537282508e-02 -2.600632964004645498e-02 -2.447670012993841127e-02 -2.314716506371106153e-02 -2.210759304216621673e-02 -2.081046746664205749e-02
2.550000000000000266e+00 -2.528424835921384839e-02 -2.576293246801808490e-02 -2.447684197041111176e-02 -2.324400765431333671e-02 -2.221742133785194889e-02 -2.085435925535950030e-02
2.600000000000000089e+00 -2.540685076185695765e-02 -2.559276513688923949e-02 -2.447562538737679816e-02 -2.334155994727638017e-02 -2.241859082470765152e-02 -2.093265162034230187e-02
2.650000000000000355e+00 -2.558335546817005687e-02 -2.554380818403645392e-02 -2.451108870648588400e-02 -2.344606753157119083e-02 -2.269267977476618903e-02 -2.104939111311765476e-02
2.700000000000000178e+00 -2.580287681664629115e-02 -2.562722626797686587e-02 -2.461164517720271228e-02 -2.356130338241058109e-02 -2.299382450872874267e-02 -2.118603034185068124e-02
2.750000000000000000e+00 -2.604033640981526926e-02 -2.581593345467314560e-02 -2.477966974571699232e-02 -2.367919253016825820e-02 -2.325742376527532504e-02 -2.130351638396366099e-02
2.800000000000000266e+00 -2.625735026301399128e-02 -2.605318391891986440e-02 -2.498218249289974047e-02 -2.377332150670374844e-02 -2.341470924882386659e-02 -2.135261334689914081e-02
2.850000000000000089e+00 -2.640627338839948365e-02 -2.626723919227358373e-02 -2.515347203252416008e-02 -2.379956166087826563e-02 -2.340875712448786672e-02 -2.128863941451147879e-02
2.900000000000000355e+00 -2.643741945590790191e-02 -2.638714987794610334e-02 -2.521056218096062729e-02 -2.370568964134567302e-02 -2.320784061732491382e-02 -2.108570618753885517e-02
2.950000000000000178e+00 -2.630879313627204619e-02 -2.635581143076159982e-02 -2.507773384061162680e-02 -2.344834253190930529e-02 -2.281355514977175675e-02 -2.074640543408418081e-02
3.000000000000000000e+00 -2.599685281645264592e-02 -2.613875097240425660e-02 -2.471262416650077398e-02 -2.301222587477169679e-02 -2.226286478631545052e-02 -2.030485357971123506e-02
3.050000000000000266e+00 -2.550602385289465687e-02 -2.572914500244272151e-02 -2.412520845735954822e-02 -2.242461934317263594e-02 -2.162432829969085368e-02 -1.982295619068208392e-02
3.100000000000000089e+00 -2.487421500132797059e-02 -2.515025672443493843e-02 -2.338281347494253204e-02 -2.175883842066850260e-02 -2.098911079024268211e-02 -1.938095505196468782e-02
3.150000000000000355e+00 -2.417181623579495175e-02 -2.445564940886657546e-02 -2.259865133964478190e-02 -2.112345045860719583e-02 -2.045743524184961970e-02 -1.906374980331360103e-02
3.200000000000000178e+00 -2.349281143428441979e-02 -2.372601707202603993e-02 -2.190668362706538197e-02 -2.063875573023454812e-02 -2.012154343838205503e-02 -1.894468351000128115e-02
3.250000000000000000e+00 -2.293864189129408288e-02 -2.306061591159092039e-02 -2.143003416287814211e-02 -2.040668238340592744e-02 -2.004734801323756338e-02 -1.906902208390487408e-02
3.300000000000000266e+00 -2.259781440021725943e-02 -2.256210853360252067e-02 -2.125212738752213504e-02 -2.048306712601200008e-02 -2.025843347529162480e-02 -1.944032236046305817e-02
3.350000000000000089e+00 -2.252615488395861079e-02 -2.231619034806509028e-02 -2.139862641330481097e-02 -2.086113455150306883e-02 -2.072699948638493869e-02 -2.001368077620829800e-02
3.400000000000000355e+00 -2.273322763678805800e-02 -2.237056028460415735e-02 -2.183459327840253650e-02 -2.147173713799022110e-02 -2.137575423728314480e-02 -2.069953028249332805e-02
3.450000000000000178e+00 -2.317927149805058123e-02 -2.271989225523241007e-02 -2.247648022072890051e-02 -2.220061471781831219e-02 -2.209224214724248014e-02 -2.137953183556362546e-02
3.500000000000000000e+00 -2.378417856589038620e-02 -2.330299270256186439e-02 -2.321427942439946435e-02 -2.291741636230026913e-02 -2.275318840618453103e-02 -2.193238318057844083e-02
3.550000000000000266e+00 -2.444637930286774202e-02 -2.401494396522818597e-02 -2.393677139475580695e-02 -2.350746718835505789e-02 -2.325261212821431653e-02 -2.226327508393771692e-02
3.600000000000000089e+00 -2.506627009435959466e-02 -2.473183028152414753e-02 -2.455288986631387615e-02 -2.389661408565835199e-02 -2.352542934417889420e-02 -2.232811379778015803e-02
3.650000000000000355e+00 -2.556726978884512474e-02 -2.534076210733426926e-02 -2.500442652221823714e-02 -2.406217241006092245e-02 -2.355919949790230561e-02 -2.214409775195130825e-02
3.700000000000000178e+00 -2.590841603424536357e-02 -2.576556344832670042e-02 -2.526861724608253645e-02 -2.402801655885800081e-02 -2.339051305145963683e-02 -2.178222906622923061e-02
3.750000000000000000e+00 -2.608541562239082706e-02 -2.597987229568943235e-02 -2.535234019981902343e-02 -2.384734799713295050e-02 -2.308791090574099231e-02 -2.134368434767441869e-02
3.800000000000000266e+00 -2.612117105068492359e-02 -2.600409736655540094e-02 -2.528170973564725088e-02 -2.358061155071367043e-02 -2.272802426899755979e-02 -2.092818467675644500e-02
3.850000000000000089e+00 -2.605045271116921551e-02 -2.588875039929994237e-02 -2.509130762304856432e-02 -2.327699908813152252e-02 -2.237382309125957036e-02 -2.060583339199423270e-02
3.900000000000000355e+00 -2.590514180602411856e-02 -2.569157159637569521e-02 -2.481629766186155273e-02 -2.296571422876481083e-02 -2.206249918093779877e-02 -2.040260746222349875e-02
3.950000000000000178e+00 -2.570564114872724015e-02 -2.545756149932576484e-02 -2.448881318343754110e-02 -2.265866156171414403e-02 -2.180613018008907208e-02 -2.030405091785758565e-02
4.000000000000000000e+00 -2.546100266713381341e-02 -2.520895133346912065e-02 -2.413805791688927727e-02 -2.236132531480694574e-02 -2.160273017693207717e-02 -2.027402240414588608e-02
4.049999999999999822e+00 -2.517634638454666063e-02 -2.494738327497858510e-02 -2.379219410191257822e-02 -2.208530469904324001e-02 -2.145097617820187347e-02 -2.027898374200448606e-02
4.100000000000000533e+00 -2.486294162143309547e-02 -2.466533794917569189e-02 -2.347969929914484055e-02 -2.185560214179871341e-02 -2.136067483433460798e-02 -2.030622202325860215e-02
4.150000000000000355e+00 -2.454526248790671328e-02 -2.436039971713543917e-02 -2.322848595931459315e-02 -2.170843712162306982e-02 -2.135342177850829692e-02 -2.036764138297758597e-02
4.200000000000000178e+00 -2.426086876808881271e-02 -2.404558585152039019e-02 -2.306239202265469856e-02 -2.167993325463968279e-02 -2.145283849075418914e-02 -2.048793900149420422e-02
4.250000000000000000e+00 -2.405241455373555853e-02 -2.375150547988258420e-02 -2.299613641490450000e-02 -2.179053095885397084e-02 -2.166904371141975538e-02 -2.068377714274649559e-02
4.299999999999999822e+00 -2.395490730939542345e-02 -2.352011970389866757e-02 -2.303089598246765846e-02 -2.203242464628440977e-02 -2.198523533585849954e-02 -2.094525238157673996e-02
4.350000000000000533e+00 -2.398379494076777890e-02 -2.339342394214183329e-02 -2.315283141376967002e-02 -2.236654432409557192e-02 -2.235388749977455444e-02 -2.123017694508205766e-02
4.400000000000000355e+00 -2.412939078628482947e-02 -2.340198731408393851e-02 -2.333600171866567763e-02 -2.273178288400568015e-02 -2.270612519391276146e-02 -2.147561220384314185e-02
4.450000000000000178e+00 -2.436050945966712969e-02 -2.355754402655341195e-02 -2.354939988589155320e-02 -2.306383937467904044e-02 -2.297194802343138775e-02 -2.162248780223779976e-02
4.500000000000000000e+00 -2.463609684864650345e-02 -2.385143564942460159e-02 -2.376593874813814899e-02 -2.331648474775682711e-02 -2.310370847603364017e-02 -2.164210446417708100e-02
4.549999999999999822e+00 -2.491991103835403121e-02 -2.425798981062210480e-02 -2.396993317124729295e-02 -2.347634288960565030e-02 -2.309302866006687077e-02 -2.155138174056020484e-02
4.600000000000000533e+00 -2.519167094279993122e-02 -2.474016217043906174e-02 -2.415965781849549465e-02 -2.356438061020538210e-02 -2.297334933684669345e-02 -2.140810759330702417e-02
4.650000000000000355e+00 -2.544939091944911636e-02 -2.525459615031200311e-02 -2.434314681322713447e-02 -2.362257022996139266e-02 -2.280592047145072951e-02 -2.128642690727017284e-02
4.700000000000000178e+00 -2.570143270191010965e-02 -2.575447471091230067e-02 -2.452812358317846275e-02 -2.369055220718396804e-02 -2.265402057264146937e-02 -2.124234381412487549e-02
4.750000000000000000e+00 -2.595155503680644099e-02 -2.619035737431996136e-02 -2.470979483506496877e-02 -2.378189121091944802e-02 -2.255557671576036149e-02 -2.128460896030637262e-02
4.800000000000000711e+00 -2.618385528401177137e-02 -2.651067963631292823e-02 -2.486196129415918499e-02 -2.387050940507173813e-02 -2.250572486562352204e-02 -2.136514570669351132e-02
4.850000000000000533e+00 -2.635529933458187132e-02 -2.666409472040776052e-02 -2.493652637003962447e-02 -2.389440607434567543e-02 -2.245737996666719027e-02 -2.139531003248762442e-02
4.900000000000000355e+00 -2.640099170565761780e-02 -2.660520988087555772e-02 -2.487382839448382121e-02 -2.377701683558830492e-02 -2.234078954432468928e-02 -2.128303405478509935e-02
4.950000000000000178e+00 -2.625232858953154350e-02 -2.630381096552225628e-02 -2.462206227258900704e-02 -2.345917904500449680e-02 -2.209514330775430579e-02 -2.097621768681612320e-02
5.000000000000000000e+00 -2.586267446942599676e-02 -2.575592556529338051e-02 -2.415993770810698216e-02 -2.292970740966071563e-02 -2.169989162273955330e-02 -2.049402165984898216e-02
