# time	p th	1e-1	25e-2	5e-1	75e-2	1
0.000000000000000000e+00 0.000000000000000000e+00 0.000000000000000000e+00 0.000000000000000000e+00 0.000000000000000000e+00 0.000000000000000000e+00 0.000000000000000000e+00
5.000000000000000278e-02 -1.377083980155475746e-03 -1.275649269585343859e-03 -1.545009696099608476e-03 -1.365692274816643348e-03 -1.413589280162478538e-03 -1.375907526891095856e-03
1.000000000000000056e-01 -5.259381264614546893e-03 -5.095613985662827972e-03 -5.567707924294618138e-03 -5.159778556704019969e-03 -5.259852049160240739e-03 -5.184670896809295826e-03
1.500000000000000222e-01 -1.096047361553587583e-02 -1.078742216524763986e-02 -1.132559935623667080e-02 -1.067649978125806420e-02 -1.078562831754166854e-02 -1.066726311587185005e-02
2.000000000000000111e-01 -1.752003189760785104e-02 -1.738030020874581361e-02 -1.781454789862291221e-02 -1.693891407953762585e-02 -1.695999023314698206e-02 -1.678557436939331904e-02
2.500000000000000000e-01 -2.392307252386928137e-02 -2.382853742505630645e-02 -2.400558245941830648e-02 -2.292814733351722367e-02 -2.273109375194589180e-02 -2.248687977625901668e-02
3.000000000000000444e-01 -2.931356867198672833e-02 -2.923630019764700272e-02 -2.906676428544163748e-02 -2.780455733913844707e-02 -2.726780632357998085e-02 -2.694754921418263116e-02
3.500000000000000333e-01 -3.314683451056708863e-02 -3.302468447317463696e-02 -3.251115288785455526e-02 -3.106224973639970521e-02 -3.011796995341723543e-02 -2.972726676553666403e-02
4.000000000000000222e-01 -3.524763925184601354e-02 -3.500296092730670328e-02 -3.423895705589652394e-02 -3.258278529626712494e-02 -3.124694087485117150e-02 -3.080049103850318604e-02
4.500000000000000111e-01 -3.577175136429815855e-02 -3.533705295017064429e-02 -3.447688509830948433e-02 -3.258680188171259040e-02 -3.096110745195401748e-02 -3.047431564449432084e-02
5.000000000000000000e-01 -3.509676768196598462e-02 -3.443852777052391900e-02 -3.364816762911693182e-02 -3.151204169123522636e-02 -2.975635203290997316e-02 -2.923601791839991471e-02
5.500000000000000444e-01 -3.368466034814431714e-02 -3.281711480541571468e-02 -3.222283426074556978e-02 -2.986356855970639934e-02 -2.814933846380133359e-02 -2.758884460819255313e-02
6.000000000000000888e-01 -3.195938014906261199e-02 -3.094370709244620432e-02 -3.059562902350854152e-02 -2.808270695311865239e-02 -2.654565133588622852e-02 -2.592794434855344443e-02
6.500000000000000222e-01 -3.022989364345875229e-02 -2.915951766698177128e-02 -2.902142767941384704e-02 -2.646736274265126809e-02 -2.517691074487427016e-02 -2.448489616563453986e-02
7.000000000000000666e-01 -2.866862410645197243e-02 -2.764623505443986051e-02 -2.761334003367021950e-02 -2.515442377893983839e-02 -2.410928098843253056e-02 -2.333993531501687979e-02
7.500000000000000000e-01 -2.733556204055972300e-02 -2.644993629586311901e-02 -2.638659066230308881e-02 -2.415331962222044826e-02 -2.330072394857755219e-02 -2.247766401070627751e-02
8.000000000000000444e-01 -2.622597782820790258e-02 -2.553584827978405691e-02 -2.531925886377850432e-02 -2.340583812096874716e-02 -2.267290818733276939e-02 -2.185248812300188970e-02
8.500000000000000888e-01 -2.531764088768568427e-02 -2.484619965697543176e-02 -2.440172080880009808e-02 -2.284460741806793038e-02 -2.216759725894264579e-02 -2.143524248100647789e-02
9.000000000000000222e-01 -2.460039778848738604e-02 -2.433930962936259323e-02 -2.365770286949642198e-02 -2.243021799849531650e-02 -2.177151046366280346e-02 -2.122760545174373625e-02
9.500000000000000666e-01 -2.408248039243119504e-02 -2.400075405988411070e-02 -2.313523530162830966e-02 -2.215997844538974970e-02 -2.151004709066698523e-02 -2.124811027429812649e-02
1.000000000000000000e+00 -2.377872106795592827e-02 -2.383102777971657371e-02 -2.287878456902192603e-02 -2.205372260323112954e-02 -2.142213611601132689e-02 -2.150536720237183896e-02
1.050000000000000044e+00 -2.369197823272628511e-02 -2.382320458960529574e-02 -2.289975049476988822e-02 -2.212937681972493298e-02 -2.153255831211864368e-02 -2.197645024269478942e-02
1.100000000000000089e+00 -2.379917816296824723e-02 -2.394582377640452897e-02 -2.316023539603451198e-02 -2.238167249833544759e-02 -2.183474479193928813e-02 -2.260203789757281312e-02
1.150000000000000133e+00 -2.404876945588313442e-02 -2.414105562741686306e-02 -2.357689771998394690e-02 -2.277285930949890513e-02 -2.228925748145504926e-02 -2.329939121029234173e-02
1.200000000000000178e+00 -2.436998394608792806e-02 -2.433928026043086223e-02 -2.404211690094193443e-02 -2.323753758499569333e-02 -2.283504663037646057e-02 -2.398527334128441879e-02
1.250000000000000000e+00 -2.468912024712835787e-02 -2.448282707916193957e-02 -2.445280916299386043e-02 -2.369785735803686677e-02 -2.340579836587338217e-02 -2.459740854494546491e-02
1.300000000000000044e+00 -2.494597031801305473e-02 -2.454730524164006056e-02 -2.473541660002420706e-02 -2.408231792808812610e-02 -2.394378354552376825e-02 -2.510559533606215865e-02
1.350000000000000089e+00 -2.510466610134273052e-02 -2.455017912511348044e-02 -2.485873515246983523e-02 -2.434162640535697530e-02 -2.440737381440475501e-02 -2.550973681990181818e-02
1.400000000000000133e+00 -2.515641096399008278e-02 -2.454204398601889103e-02 -2.483221569838733878e-02 -2.445750565261439746e-02 -2.477275984101501294e-02 -2.582845258637717079e-02
1.450000000000000178e+00 -2.511499382373926989e-02 -2.458367147213980086e-02 -2.469321632128651522e-02 -2.444334686606031148e-02 -2.503270548311542498e-02 -2.608573271444947217e-02
1.500000000000000000e+00 -2.500820609346703777e-02 -2.471802888712737456e-02 -2.449001456770405483e-02 -2.433790521109646665e-02 -2.519476917897452498e-02 -2.630261772646286245e-02
1.550000000000000044e+00 -2.486871674823788736e-02 -2.494866197901401961e-02 -2.426731934060910589e-02 -2.419444395927916602e-02 -2.527961656750887798e-02 -2.649651179365442033e-02
1.600000000000000089e+00 -2.472694728698201019e-02 -2.523333363057933543e-02 -2.405829899031197705e-02 -2.406812429115823271e-02 -2.531856222740747064e-02 -2.668528399277242391e-02
1.650000000000000133e+00 -2.460689315623199036e-02 -2.549578922426853911e-02 -2.388350338637912351e-02 -2.400438036172736211e-02 -2.534920764549641881e-02 -2.689046685296042627e-02
1.700000000000000178e+00 -2.452452265087458685e-02 -2.565145301688609436e-02 -2.375424873402698367e-02 -2.403060981290683351e-02 -2.540891654766822688e-02 -2.713534944589818254e-02
1.750000000000000000e+00 -2.448780646317203630e-02 -2.563752173813604873e-02 -2.367702793312931320e-02 -2.415269533316621864e-02 -2.552731416847538529e-02 -2.743808485411652898e-02
1.800000000000000044e+00 -2.449754455876586648e-02 -2.543631212165331501e-02 -2.365626458157987777e-02 -2.435672399259181109e-02 -2.572019410856896116e-02 -2.780383671980657390e-02
1.850000000000000089e+00 -2.454858676062457445e-02 -2.508334706293302574e-02 -2.369445423489224822e-02 -2.461504334276765071e-02 -2.598726883268439106e-02 -2.822100567108648539e-02
1.900000000000000133e+00 -2.463138354398665755e-02 -2.465741619620764880e-02 -2.379041222524791444e-02 -2.489478182477167234e-02 -2.631471287207887144e-02 -2.866438054580816575e-02
1.950000000000000178e+00 -2.473385388822776920e-02 -2.425646089116162418e-02 -2.393722549923560372e-02 -2.516640124356794850e-02 -2.668113735846796078e-02 -2.910416312027142016e-02
2.000000000000000000e+00 -2.484338358833554361e-02 -2.396809755424111898e-02 -2.412139646700262041e-02 -2.540993114990164337e-02 -2.706403046478548374e-02 -2.951649489429236661e-02
2.050000000000000266e+00 -2.494859162486165113e-02 -2.384510449646659591e-02 -2.432390545819584915e-02 -2.561735755405969428e-02 -2.744394277248477648e-02 -2.989031615555592936e-02
2.100000000000000089e+00 -2.504051733393424656e-02 -2.389383659349098021e-02 -2.452305894290351951e-02 -2.579103633468760037e-02 -2.780557724980559087e-02 -3.022763879856998903e-02
2.149999999999999911e+00 -2.511311859952542261e-02 -2.407838365642622769e-02 -2.469843267870319714e-02 -2.593946383530398858e-02 -2.813707733237436059e-02 -3.053813159124590948e-02
2.200000000000000178e+00 -2.516329042065876959e-02 -2.433747081770298859e-02 -2.483502912634927284e-02 -2.607260960546708972e-02 -2.842974247331567922e-02 -3.083176048046532003e-02
2.250000000000000000e+00 -2.519080495476231502e-02 -2.460688287507339922e-02 -2.492678727638208969e-02 -2.619887559875377914e-02 -2.867964452648526577e-02 -3.111355776399654660e-02
2.300000000000000266e+00 -2.519850233570309836e-02 -2.483907565043130816e-02 -2.497865895726114616e-02 -2.632465952938323195e-02 -2.889080607911176379e-02 -3.138284019369053102e-02
2.350000000000000089e+00 -2.519275118808139008e-02 -2.501376065267124638e-02 -2.500658862171611929e-02 -2.645601910025430215e-02 -2.907791042329891523e-02 -3.163676645165020007e-02
2.400000000000000355e+00 -2.518382048514325802e-02 -2.513743199783258220e-02 -2.503499379739060338e-02 -2.660083066818474951e-02 -2.926595640917728502e-02 -3.187609087254944518e-02
2.450000000000000178e+00 -2.518557729820628324e-02 -2.523413689463127607e-02 -2.509181601631360614e-02 -2.676967300001376060e-02 -2.948526799360862150e-02 -3.210985140935085358e-02
2.500000000000000000e+00 -2.521398823537282508e-02 -2.533251489380106136e-02 -2.520187194095924177e-02 -2.697443589956938226e-02 -2.976244731570195159e-02 -3.235590610592553595e-02
2.550000000000000266e+00 -2.528424835921384839e-02 -2.545438194218929695e-02 -2.537991788401217086e-02 -2.722480560921602954e-02 -3.011015228560554036e-02 -3.263594103109324074e-02
2.600000000000000089e+00 -2.540685076185695765e-02 -2.560822508509863482e-02 -2.562525860879039108e-02 -2.752367779055941988e-02 -3.051973894936788056e-02 -3.296635838256073425e-02
2.650000000000000355e+00 -2.558335546817005687e-02 -2.578812560889598426e-02 -2.591958040732045276e-02 -2.786292268324341848e-02 -3.096013746404565128e-02 -3.334889816899233583e-02
2.700000000000000178e+00 -2.580287681664629115e-02 -2.597632097495028436e-02 -2.622886212436914555e-02 -2.822088541713629883e-02 -3.138406305199503699e-02 -3.376537841304610987e-02
2.750000000000000000e+00 -2.604033640981526926e-02 -2.614685673089811591e-02 -2.650896737179042617e-02 -2.856271902641516203e-02 -3.173979140012724021e-02 -3.417920001885871306e-02
2.800000000000000266e+00 -2.625735026301399128e-02 -2.626865403885791928e-02 -2.671339133883576800e-02 -2.884415193194245219e-02 -3.198451651830221121e-02 -3.454342167495394467e-02
2.850000000000000089e+00 -2.640627338839948365e-02 -2.630802628458772663e-02 -2.680116361881146325e-02 -2.901857892836778863e-02 -3.209476529906485354e-02 -3.481280676396242280e-02
2.900000000000000355e+00 -2.643741945590790191e-02 -2.623202679426617223e-02 -2.674329070275538456e-02 -2.904653188004202580e-02 -3.207073665193097695e-02 -3.495608719497567130e-02
2.950000000000000178e+00 -2.630879313627204619e-02 -2.601409030463519567e-02 -2.652708143149928866e-02 -2.890580995347580284e-02 -3.193407762319384890e-02 -3.496485567981416631e-02
3.000000000000000000e+00 -2.599685281645264592e-02 -2.564211161222296198e-02 -2.615863462828738051e-02 -2.860000010133689763e-02 -3.172117737455307923e-02 -3.485675315362657400e-02
3.050000000000000266e+00 -2.550602385289465687e-02 -2.512708773941108031e-02 -2.566409417029635875e-02 -2.816296529498851786e-02 -3.147533124714422398e-02 -3.467248771392383855e-02
3.100000000000000089e+00 -2.487421500132797059e-02 -2.450888540832418805e-02 -2.508977745959417582e-02 -2.765731353676581517e-02 -3.124064809792200317e-02 -3.446797901444270673e-02
3.150000000000000355e+00 -2.417181623579495175e-02 -2.385557525428294579e-02 -2.450029839827583267e-02 -2.716601108495253492e-02 -3.105880957988937929e-02 -3.430388946529067118e-02
3.200000000000000178e+00 -2.349281143428441979e-02 -2.325441594903165932e-02 -2.397310535199359549e-02 -2.677804934805094739e-02 -3.096776264942217166e-02 -3.423478517222267037e-02
3.250000000000000000e+00 -2.293864189129408288e-02 -2.279544383862686097e-02 -2.358821257628584966e-02 -2.657096446272055879e-02 -3.100017526416635333e-02 -3.429958914219416455e-02
3.300000000000000266e+00 -2.259781440021725943e-02 -2.255157898503945546e-02 -2.341358296110529480e-02 -2.659437595648972419e-02 -3.117967148112891357e-02 -3.451450043867637651e-02
3.350000000000000089e+00 -2.252615488395861079e-02 -2.256094615657566749e-02 -2.348907733238059237e-02 -2.685894755518736243e-02 -3.151453713627298120e-02 -3.486941015585154346e-02
3.400000000000000355e+00 -2.273322763678805800e-02 -2.281692309357208348e-02 -2.381391494332141257e-02 -2.733400923154027939e-02 -3.199099705126491611e-02 -3.532873681656256704e-02
3.450000000000000178e+00 -2.317927149805058123e-02 -2.326924499142402070e-02 -2.434288418554886313e-02 -2.795475141377556927e-02 -3.256985304345542259e-02 -3.583713156506457276e-02
3.500000000000000000e+00 -2.378417856589038620e-02 -2.383607475139271070e-02 -2.499441953541881034e-02 -2.863712159474696151e-02 -3.318988214849023788e-02 -3.632961401489132047e-02
3.550000000000000266e+00 -2.444637930286774202e-02 -2.442352301585515306e-02 -2.566957840126304902e-02 -2.929626486897851656e-02 -3.377878219153222089e-02 -3.674458276898423525e-02
3.600000000000000089e+00 -2.506627009435959466e-02 -2.494687949776586144e-02 -2.627649117623342967e-02 -2.986337197869570748e-02 -3.426899000252303651e-02 -3.703700425731487611e-02
3.650000000000000355e+00 -2.556726978884512474e-02 -2.534752789735139622e-02 -2.675208504826986911e-02 -3.029650337047951059e-02 -3.461330870942165572e-02 -3.718825572786482736e-02
3.700000000000000178e+00 -2.590841603424536357e-02 -2.560116951716151501e-02 -2.707334085892920683e-02 -3.058310916286977044e-02 -3.479511657541951852e-02 -3.720924074150872007e-02
3.750000000000000000e+00 -2.608541562239082706e-02 -2.571591717142329703e-02 -2.725419218966562696e-02 -3.073478040146115919e-02 -3.482988180398464279e-02 -3.713514440767107239e-02
3.800000000000000266e+00 -2.612117105068492359e-02 -2.572200971285909521e-02 -2.732996068996040862e-02 -3.077720917868631556e-02 -3.475783400224252695e-02 -3.701332969270287876e-02
3.850000000000000089e+00 -2.605045271116921551e-02 -2.565731508396784655e-02 -2.733644165216442268e-02 -3.073953117182026684e-02 -3.463074286011447178e-02 -3.688891471209493345e-02
3.900000000000000355e+00 -2.590514180602411856e-02 -2.555373628711277156e-02 -2.729299801517104385e-02 -3.064681428132243202e-02 -3.449766906454102694e-02 -3.679361402663489100e-02
3.950000000000000178e+00 -2.570564114872724015e-02 -2.542890247731188769e-02 -2.719712733905943480e-02 -3.051770567774525489e-02 -3.439448364711550354e-02 -3.674169093641022066e-02
4.000000000000000000e+00 -2.546100266713381341e-02 -2.528541825785601826e-02 -2.703264529388005322e-02 -3.036690091084859322e-02 -3.433995463487327093e-02 -3.673336478710165220e-02
4.049999999999999822e+00 -2.517634638454666063e-02 -2.511716327547208749e-02 -2.678721986940724165e-02 -3.021008002321545760e-02 -3.433832224393847110e-02 -3.676270538105302910e-02
4.100000000000000533e+00 -2.486294162143309547e-02 -2.491959166321999763e-02 -2.647042512379860213e-02 -3.006804177336985795e-02 -3.438591579035683854e-02 -3.682547020619197919e-02
4.150000000000000355e+00 -2.454526248790671328e-02 -2.469953395830726262e-02 -2.612292948442962448e-02 -2.996729802800690567e-02 -3.447832395704245739e-02 -3.692298849676478589e-02
4.200000000000000178e+00 -2.426086876808881271e-02 -2.448018769380222448e-02 -2.581125582918120109e-02 -2.993612903595121999e-02 -3.461492802402577063e-02 -3.706059376887238521e-02
4.250000000000000000e+00 -2.405241455373555853e-02 -2.429880305727882828e-02 -2.560909277935685679e-02 -2.999730691346869094e-02 -3.479893404989931049e-02 -3.724208473607754089e-02
4.299999999999999822e+00 -2.395490730939542345e-02 -2.419744267603440857e-02 -2.557244731180552400e-02 -3.016042355124504137e-02 -3.503306920427151638e-02 -3.746378760532897978e-02
4.350000000000000533e+00 -2.398379494076777890e-02 -2.421008445075700788e-02 -2.571910593440751569e-02 -3.041726163098146252e-02 -3.531326098965218568e-02 -3.771190882965758107e-02
4.400000000000000355e+00 -2.412939078628482947e-02 -2.435109086869391426e-02 -2.602140315776702018e-02 -3.074267943504627176e-02 -3.562392084237046147e-02 -3.796495309260905504e-02
4.450000000000000178e+00 -2.436050945966712969e-02 -2.460985944783999901e-02 -2.641576408194779013e-02 -3.110137222334996565e-02 -3.593803071940097210e-02 -3.820013822335621700e-02
4.500000000000000000e+00 -2.463609684864650345e-02 -2.495418648204017487e-02 -2.682531181704783663e-02 -3.145839075127399020e-02 -3.622304662311089107e-02 -3.840057284522874204e-02
4.549999999999999822e+00 -2.491991103835403121e-02 -2.534128814930314277e-02 -2.718618005447392960e-02 -3.178940967910026671e-02 -3.645068880344230072e-02 -3.855960329003799147e-02
4.600000000000000533e+00 -2.519167094279993122e-02 -2.573197537326876727e-02 -2.746655567157119116e-02 -3.208633295774365735e-02 -3.660646874201445300e-02 -3.868026274237512663e-02
4.650000000000000355e+00 -2.544939091944911636e-02 -2.610174472364945597e-02 -2.767063426487159639e-02 -3.235534525559713437e-02 -3.669444444895275659e-02 -3.877030487567484363e-02
4.700000000000000178e+00 -2.570143270191010965e-02 -2.644351897795826911e-02 -2.782624450382487069e-02 -3.260762756321555766e-02 -3.673446458392507635e-02 -3.883557593919756412e-02
4.750000000000000000e+00 -2.595155503680644099e-02 -2.676031103926890253e-02 -2.796203345359971060e-02 -3.284646195880469577e-02 -3.675240932990645609e-02 -3.887533724118186207e-02
4.800000000000000711e+00 -2.618385528401177137e-02 -2.705083928385254577e-02 -2.808472402919037769e-02 -3.305673166669309548e-02 -3.676735443323645575e-02 -3.888216141388778357e-02
4.850000000000000533e+00 -2.635529933458187132e-02 -2.729500187135136535e-02 -2.816709077302426145e-02 -3.320258888341609538e-02 -3.678161422419901072e-02 -3.884669736214502178e-02
4.900000000000000355e+00 -2.640099170565761780e-02 -2.744719706124665315e-02 -2.815290869629483161e-02 -3.323607517664795008e-02 -3.677902242338474542e-02 -3.876511171095509134e-02
4.950000000000000178e+00 -2.625232858953154350e-02 -2.744292564633099563e-02 -2.797804867074149549e-02 -3.311480174133574206e-02 -3.673338946500474128e-02 -3.864559280915719208e-02
5.000000000000000000e+00 -2.586267446942599676e-02 -2.721870398274595093e-02 -2.760002537718664328e-02 -3.282241923166906439e-02 -3.662414263785033347e-02 -3.851060580005938316e-02
