# (rescaled) occupation numbers for nc = 2, time = 5
# N_rep = 900000  (U = 1e-1), 160000  (U = 25e-2), 400000  (U = 5e-1), 22453  (U = 75e-2), 21060  (U = 1)
# single-particle en | degeneracy | perturb. th. | N U^{-2} mean ( U = 1e-1 / 25e-2 / 5e-1 / 75e-2 / 1 ) | error ( U = 1e-1 / 25e-2 / 5e-1 / 75e-2 / 1 )
-4.000000000000000000e+00 1.000000000000000000e+00 -2.081819471707624380e-02 -6.093406889187135550e-02 -8.416374753469568759e-02 -1.109731864830125758e-01 -1.239072999842143474e-01 -1.154978273558484592e-01 0.000000000000000000e+00 0.000000000000000000e+00 0.000000000000000000e+00 0.000000000000000000e+00 0.000000000000000000e+00
-3.618033988750000152e+00 4.000000000000000000e+00 -2.426084204755163398e-02 -3.752567016068741185e-02 -6.981755035204439963e-02 -9.887471242301160146e-02 -1.215209515046674488e-01 -1.276289615910801700e-01 5.039861731250758377e-03 1.557052124055239347e-03 1.505694724652708412e-03 1.879016957709946783e-03 1.380101431116089556e-03
-3.236067977499999859e+00 4.000000000000000000e+00 -3.156691015205748130e-02 -7.138444118566232566e-02 -1.087046920590086785e-01 -1.822031442477758389e-01 -2.200313511532352995e-01 -2.250926843277741285e-01 9.269250773143335523e-03 7.146215082494507785e-03 1.203257176969589918e-03 3.032678492258411140e-03 2.101710326248873526e-03
-2.618033988750000152e+00 4.000000000000000000e+00 -3.215241736924268068e-02 -2.617511841220831678e-02 -3.733205346930823509e-02 -7.423869705287877707e-02 -1.291147161099643059e-01 -1.622652516724500393e-01 4.909066303110486487e-03 5.104918311773719644e-03 1.002949098233325278e-03 2.753374961797035517e-03 8.914291905088159770e-04
-2.236067977499999859e+00 8.000000000000000000e+00 -4.512778511427617545e-02 -4.464051174433158325e-02 -7.519388282608874263e-02 -1.563938693852620077e-01 -2.205156260518621458e-01 -2.462957048937290394e-01 2.713474923129572790e-03 3.885975958324446554e-03 1.023635530229293367e-03 2.009126803846611638e-03 1.455520889933982487e-03
-1.381966011250000070e+00 4.000000000000000000e+00 -1.278354184286527584e-01 -9.717646053268856610e-02 -9.066370004173585073e-02 -1.694813102340546607e-01 -2.549368107227650837e-01 -3.097653618308576218e-01 7.497919857258104372e-03 1.227026890654646808e-03 8.914187818131093103e-04 1.705954730109887456e-03 2.259392172059614210e-03
-1.236067977500000081e+00 4.000000000000000000e+00 7.588109387841501796e-02 8.536527886485732741e-02 1.190570756710833678e-01 1.988421677817248101e-01 2.581780291381653991e-01 2.767648287527352813e-01 1.008123434164985089e-03 1.507779730490702106e-03 7.958044423927124146e-04 2.258735120979070941e-03 1.458128851259913629e-03
-1.000000000000000000e+00 8.000000000000000000e+00 3.340537043127445038e-02 4.651799167887937098e-02 7.920056201719583022e-02 1.561197683501318600e-01 2.188749526681720847e-01 2.477578384752522067e-01 1.641564723586859788e-03 1.647672940456432764e-03 5.435537666484597814e-04 1.068538517433476878e-03 5.647653744357882064e-04
-3.819660112500000149e-01 4.000000000000000000e+00 2.296179876342863135e-02 2.272861227131938930e-02 3.928736388964493287e-02 1.088564037530778128e-01 1.617151825418710331e-01 1.802949150961364877e-01 4.397390037579568083e-03 3.118665721544892043e-03 4.942433246782694089e-04 2.677394248591707590e-03 2.851220739463791211e-03
0.000000000000000000e+00 1.800000000000000000e+01 1.403777806221162550e-02 1.728918591388732898e-02 3.753978131380285299e-02 8.373267908971267215e-02 1.253691674487378005e-01 1.417822445433480072e-01 9.983581158401633876e-04 1.994915487471641061e-03 9.489942738539668349e-04 1.475802220571836203e-03 1.154449859179451860e-03
3.819660112500000149e-01 4.000000000000000000e+00 1.382025501106143306e-02 2.342003783289969485e-02 4.811658409721486507e-02 7.436641100908014668e-02 1.062049855544037746e-01 1.165883610349823241e-01 7.020328864621377474e-04 2.044127348196805773e-03 3.532520382530998778e-04 2.628153482664655465e-03 1.087536114042238818e-03
1.000000000000000000e+00 8.000000000000000000e+00 1.027652363433551042e-02 8.339621194533573464e-03 1.009928430712192515e-02 2.443776370321737446e-02 3.852399563328932908e-02 5.013379372034491854e-02 1.764279811891832951e-03 2.067180568386077846e-03 6.926789566860777538e-04 2.122633962258053258e-03 6.528331465702806678e-04
1.236067977500000081e+00 4.000000000000000000e+00 8.563257871476492866e-03 6.368698848230324415e-03 -4.867182930811786434e-03 4.760636609594026680e-03 1.326964029614992671e-02 2.523926209206295290e-02 2.198566847852784396e-03 2.126474903490309203e-03 5.399807154260515343e-04 2.618805621770802037e-03 1.211919726579625562e-03
1.381966011250000070e+00 4.000000000000000000e+00 8.282834293012131255e-03 1.635204297097125545e-02 1.908082761552964968e-02 2.757931814200975662e-02 2.363291106408219738e-02 2.918372808290950471e-02 1.176993062826503424e-03 4.356112111243789012e-03 1.622154230360532733e-03 1.401615769669019643e-03 2.030393616782053944e-03
2.236067977499999859e+00 8.000000000000000000e+00 7.389210029429049698e-03 3.244323005134607928e-03 -7.070974421516051933e-03 -3.696933214472586382e-02 -5.170262019419830102e-02 -5.676968347236749368e-02 1.805686392082301011e-03 2.831615850771563875e-03 2.576934000916615434e-04 6.901740525055088341e-04 1.078226478182822603e-03
2.618033988750000152e+00 4.000000000000000000e+00 6.335557997235286010e-03 9.326447913463041181e-03 -4.072051332066006779e-03 -2.498804566148726813e-02 -5.170655156381018247e-02 -6.848127369321788116e-02 1.737988804914345452e-03 3.312150209153849004e-03 5.695605177808941034e-04 1.115714484049787087e-03 1.038223369879409880e-03
3.236067977499999859e+00 4.000000000000000000e+00 6.346679447207792535e-03 -1.152733153635954015e-02 -2.934332518234761267e-02 -7.940338971075044938e-02 -1.161649343084512204e-01 -1.346259651438491134e-01 2.824584206060724682e-03 3.530434165170698128e-03 4.781112078637616072e-04 1.254780579062454498e-03 8.407116273177876221e-04
3.618033988750000152e+00 4.000000000000000000e+00 5.331486170831012394e-03 -3.747901608824876895e-03 -3.096695497502377492e-02 -7.992940524582703432e-02 -1.317017111630381099e-01 -1.511561371777331853e-01 1.065989445927878433e-03 3.034782376313528707e-03 4.941389222004612634e-04 1.676756654336415730e-03 2.429267762273958076e-04
4.000000000000000000e+00 1.000000000000000000e+00 5.213769833968484591e-03 -2.205945171667167068e-02 -4.692959245300443172e-02 -1.149146121986035496e-01 -1.654782188113641250e-01 -1.914143635479657046e-01 0.000000000000000000e+00 0.000000000000000000e+00 0.000000000000000000e+00 0.000000000000000000e+00 0.000000000000000000e+00
