# time	1e-1	25e-2	5e-1	75e-2	1
-4.000000000000000000e+00 -2.975454604121629751e-02 -1.302528169526340207e-02 -2.726569859929295347e-02 -2.826701991382189055e-02 -3.230751714771940009e-02
-3.618033988750000152e+00 -2.250202158878833111e-02 -2.281452103575443147e-02 -2.992441924684818844e-02 -3.108374741179462108e-02 -3.378242844331597050e-02
-3.236067977499999859e+00 -2.412356274566484701e-02 -2.421014537706511760e-02 -2.417086322472616899e-02 -2.731355402806151869e-02 -3.068039037643938149e-02
-2.618033988750000152e+00 -3.471744576096779528e-02 -3.599883126006542255e-02 -3.349430239628548023e-02 -3.374284991057417693e-02 -3.410917996981349676e-02
-2.236067977499999859e+00 -4.350650840422575633e-02 -4.505898808595132365e-02 -4.027520469895728983e-02 -3.947935205651020851e-02 -3.716763956412155734e-02
-1.381966011250000070e+00 -8.359172277373481952e-02 -7.871956729356721638e-02 -6.771997129880436006e-02 -6.471848132834621958e-02 -5.917723881039421707e-02
-1.236067977500000081e+00 3.978665850196960035e-02 3.826641160004751185e-02 3.870526390817596862e-02 3.804729285646531178e-02 3.751904009002951512e-02
-1.000000000000000000e+00 3.089728169919231035e-02 3.325304611780710573e-02 2.941361454699259470e-02 3.100202325319085031e-02 3.041983133175467369e-02
-3.819660112500000149e-01 2.019745036293540616e-02 1.714452077367711880e-02 2.159131924731405583e-02 2.244848243035571164e-02 2.034120205855446950e-02
0.000000000000000000e+00 1.539553538323480339e-02 1.439602823601108562e-02 1.381334321868964328e-02 1.491547265673971549e-02 1.526029460111782282e-02
3.819660112500000149e-01 1.086153869980788049e-02 1.377770599001015839e-02 1.014888741753616763e-02 1.242281225960227553e-02 1.306849503017804004e-02
1.000000000000000000e+00 5.866703348113288218e-03 7.513662159147838082e-03 8.382898685524942106e-03 7.794738288913391315e-03 8.229352120051644515e-03
1.236067977500000081e+00 6.339887072948079648e-03 4.504768134718784012e-03 7.400678347832645443e-03 7.414414847821335953e-03 7.590137492683696196e-03
1.381966011250000070e+00 5.804773834219844296e-03 5.408688659654270481e-03 3.594330153304015063e-03 4.625537716453415570e-03 5.727448638599752506e-03
2.236067977499999859e+00 8.176458913049243146e-03 7.025372204754853911e-03 8.274348133548159456e-03 2.884274587996597198e-03 3.131285637128902732e-03
2.618033988750000152e+00 4.580007353652270317e-03 5.534118677898103300e-03 5.425527990478573592e-03 4.642489606593820824e-03 4.275633028386044421e-03
3.236067977499999859e+00 7.530521921808585283e-03 5.979947040045452411e-03 1.453064308409190986e-03 3.697978412589946352e-03 1.965410228434438800e-04
3.618033988750000152e+00 2.393768181904731406e-03 3.312188115921266274e-03 -5.914155646580265824e-04 -1.079763598968676167e-03 -2.101231026566396931e-04
4.000000000000000000e+00 1.092401244275897736e-02 3.290898177667145319e-03 2.587868758804567904e-03 7.325920951090203860e-04 -2.316968505603256290e-03
