# (rescaled) occupation numbers for nc = 2, time = 2
# N_rep = 900000  (U = 1e-1), 160000  (U = 25e-2), 400000  (U = 5e-1), 22453  (U = 75e-2), 21060  (U = 1)
# single-particle en | degeneracy | perturb. th. | N U^{-2} mean ( U = 1e-1 / 25e-2 / 5e-1 / 75e-2 / 1 ) | error ( U = 1e-1 / 25e-2 / 5e-1 / 75e-2 / 1 )
-4.000000000000000000e+00 1.000000000000000000e+00 -2.182455777270542185e-02 -3.796522071439766693e-02 -3.583802325139373579e-02 -6.499641726577465306e-02 -8.268484015490468186e-02 -9.459280123767821458e-02 0.000000000000000000e+00 0.000000000000000000e+00 0.000000000000000000e+00 0.000000000000000000e+00 0.000000000000000000e+00
-3.618033988750000152e+00 4.000000000000000000e+00 -2.470109762306749168e-02 -3.227421428673159925e-02 -4.359959194972962138e-02 -5.658578936934866022e-02 -7.255428729778469477e-02 -7.838989565912707347e-02 7.941099993316939193e-03 6.256554316892687546e-03 1.969009513171719392e-03 3.599306646785894841e-03 1.844386951015610388e-03
-3.236067977499999859e+00 4.000000000000000000e+00 -2.671952599417171115e-02 -3.269052419583306363e-02 -3.110800192149998367e-02 -4.457312528227230786e-02 -5.285128097440160155e-02 -6.338248514813865642e-02 1.116760725908239570e-02 6.883623223319169752e-03 1.545069079393551672e-03 7.301949407991769996e-03 3.438424118145008788e-03
-2.618033988750000152e+00 4.000000000000000000e+00 -3.065385329338732312e-02 -2.991986031535276078e-02 -3.342359569443331679e-02 -3.886505263514461461e-02 -4.861627333887803826e-02 -5.333907290288852909e-02 1.062829173947082984e-02 8.383052183527825094e-03 1.524719349934871779e-03 3.982263429935010111e-03 2.188887373897862362e-03
-2.236067977499999859e+00 8.000000000000000000e+00 -4.981766529897724283e-02 -4.381284151644403851e-02 -4.225533360422373264e-02 -4.324911925887775510e-02 -4.562700470306439021e-02 -5.283308718136148219e-02 1.743524580214420982e-03 5.847133121234519837e-03 1.118656250155924828e-03 4.149725951419893331e-03 2.302741279213722098e-03
-1.381966011250000070e+00 4.000000000000000000e+00 -9.126444321503734969e-02 -8.485630400709708032e-02 -7.799904461497586539e-02 -7.245013025564261966e-02 -7.259490856675999970e-02 -8.189529500449682642e-02 1.091220259541887845e-02 4.520732042007658165e-03 7.797132489302129434e-04 1.782345025271935869e-03 3.474082973009239884e-03
-1.236067977500000081e+00 4.000000000000000000e+00 4.499593656873779324e-02 4.223883885889900131e-02 4.451504038062559232e-02 5.460047113431598653e-02 6.421001390268013531e-02 6.917104065464843576e-02 2.108237312087847537e-03 2.530427292754821277e-03 1.305284913747629082e-03 3.629450447024526114e-03 2.121247779344358729e-03
-1.000000000000000000e+00 8.000000000000000000e+00 3.678792817727050135e-02 4.035637260346863070e-02 4.224951863961390330e-02 4.760180330060087561e-02 5.519574524555334594e-02 6.308607766148775775e-02 4.000159147420048050e-03 3.129851450573355436e-03 6.146051136125226574e-04 3.233669121591883910e-03 1.723363230251846127e-03
-3.819660112500000149e-01 4.000000000000000000e+00 2.363240173605896111e-02 2.256775832072676832e-02 2.239520768349967383e-02 3.242635348505529258e-02 4.111579945726202834e-02 4.388590526920413404e-02 3.741113332697706961e-03 2.482839492875844878e-03 1.105626522573224021e-03 4.949047421993856347e-03 2.974775379442506744e-03
0.000000000000000000e+00 1.800000000000000000e+01 1.288862689391623295e-02 1.218250439800678056e-02 1.493180542920293993e-02 2.034773049043938839e-02 2.647951707953887651e-02 3.135108400492980091e-02 1.552031175207175531e-03 2.326357251739936873e-03 5.984539159446456346e-04 1.687917386235350710e-03 8.485907324317898924e-04
3.819660112500000149e-01 4.000000000000000000e+00 1.360677785422714781e-02 1.356939306484672252e-02 1.888919248794529437e-02 1.584155607483372918e-02 2.081573908784356899e-02 2.688130395036311682e-02 4.951477875540679155e-03 3.955238527852772586e-03 4.658664873294837347e-04 4.027370027284809563e-03 2.490826592904333940e-03
1.000000000000000000e+00 8.000000000000000000e+00 9.277870768735652085e-03 9.367977260420210991e-03 7.433045807984317577e-03 9.549245000252504223e-03 1.162063613775964240e-02 1.557619386873407286e-02 2.949282854270499077e-03 2.964805246237317473e-03 8.340240157880046343e-04 2.347622505571864485e-03 1.922822364376368517e-03
1.236067977500000081e+00 4.000000000000000000e+00 8.591557196939603180e-03 1.175122932337291197e-02 3.787019534835511791e-03 8.449215593408054836e-03 6.835122842396401666e-03 1.080354918733258951e-02 7.083761174331987265e-03 5.843315773875123673e-03 1.160262748682484293e-03 1.799140241990592566e-03 2.423739097503652996e-03
1.381966011250000070e+00 4.000000000000000000e+00 8.497968184048243501e-03 7.605145840608450690e-03 6.449302535376233436e-03 7.776563272057557263e-03 5.205464956053586917e-03 8.189063542904911897e-03 1.562672076314997266e-03 7.145790017456119837e-03 1.497136073420423860e-03 4.029629432406958180e-03 3.920824231170787211e-03
2.236067977499999859e+00 8.000000000000000000e+00 6.298855983266515857e-03 6.384544469720253822e-03 7.131611637421153560e-03 1.974367609084204389e-03 -5.522223482964259880e-04 -1.897709495801813695e-03 3.207381379080711300e-03 3.064674084819229202e-03 7.579305622476424078e-04 2.074423435324082923e-03 1.131929678277743051e-03
2.618033988750000152e+00 4.000000000000000000e+00 6.365405030607895753e-03 5.794288026078619168e-03 4.162912903649118590e-03 9.883385019316959230e-04 -2.028441332119780213e-03 -4.307876328844328917e-03 3.546565200870102890e-03 1.243722390005720050e-03 4.374553695904346510e-04 3.696089110403683216e-03 1.297479394888782734e-03
3.236067977499999859e+00 4.000000000000000000e+00 5.853757133881143382e-03 5.229967367359477336e-03 1.656944992210807044e-03 -4.451769230654489817e-03 -7.680651972542701898e-03 -1.446624571275706428e-02 7.725420822670711271e-03 5.556825248600919843e-03 1.174181394910566324e-03 2.893831874197060582e-03 1.431735053246631232e-03
3.618033988750000152e+00 4.000000000000000000e+00 4.868113404720597615e-03 2.185314448691077615e-03 -2.804907857794525228e-03 -7.337210395776283534e-03 -1.699325385425283844e-02 -2.145954142835859724e-02 2.177863266509009674e-03 5.148318014733402684e-03 7.513993874804962905e-04 1.116513523522644474e-03 2.731252827107578593e-03
4.000000000000000000e+00 1.000000000000000000e+00 4.969462147374703598e-03 -4.492410757039876600e-03 -1.087128240900625542e-03 -1.155078834229872342e-02 -1.849587357053295023e-02 -2.794031135497698770e-02 0.000000000000000000e+00 0.000000000000000000e+00 0.000000000000000000e+00 0.000000000000000000e+00 0.000000000000000000e+00
