# time	1e-1	25e-2	5e-1	75e-2	1
-4.000000000000000000e+00 -1.720550121930841322e-02 -8.011182446665543466e-03 -1.941553616271463056e-02 -2.119012493216763850e-03 -3.199776065503368017e-02
-3.618033988750000152e+00 -1.660214418719440851e-02 -2.825455108919072700e-02 -3.850141160645081939e-02 -1.423223250855976119e-02 -3.807367313961307342e-02
-3.236067977499999859e+00 -4.172129247137500857e-02 -3.593962224570645958e-02 -2.249614132235899788e-02 -4.405098171146192010e-02 -4.474897479436190650e-02
-2.618033988750000152e+00 -3.560969884186526019e-02 -3.404924146672705376e-02 -4.117889474364311297e-02 -6.169249526031508196e-02 -6.685208043143431311e-02
-2.236067977499999859e+00 -4.730499357744055028e-02 -4.888658802579826101e-02 -6.247840895072243050e-02 -8.727439763300320896e-02 -9.222858146489543163e-02
-1.381966011250000070e+00 -1.622695354411285151e-01 -1.628722921021008574e-01 -1.477941473213340018e-01 -1.361608211175862615e-01 -1.595567006047599046e-01
-1.236067977500000081e+00 1.306528498028202978e-01 1.205267131354048615e-01 1.085635964136022480e-01 1.161482299320325401e-01 1.243376023492170912e-01
-1.000000000000000000e+00 3.195672385068736715e-02 3.444850960834244802e-02 4.483555206019340655e-02 5.543849090659463269e-02 7.595500233779431398e-02
-3.819660112500000149e-01 1.686685864837888724e-02 2.722002529720324304e-02 3.391141439248457345e-02 3.224117561315193586e-02 5.976737232406131861e-02
0.000000000000000000e+00 1.146550944007716788e-02 1.649904031433773594e-02 2.114479380119401591e-02 3.291702186296541904e-02 4.136700951466423110e-02
3.819660112500000149e-01 2.010670902330424434e-02 1.887076851363467256e-02 1.772653633229648307e-02 2.518325284145787185e-02 3.698132364125389371e-02
1.000000000000000000e+00 1.555262690154656999e-02 8.380568763888263106e-03 1.315688063469599989e-02 1.748279269893564941e-02 1.121979025694511134e-02
1.236067977500000081e+00 1.010307690799128015e-02 1.311413448472631416e-02 1.168689515581022853e-02 8.460298661071440421e-03 2.051428782895159397e-02
1.381966011250000070e+00 6.978918962036172700e-03 8.998919795932813770e-03 1.464378568741264708e-02 1.056508605093369607e-02 4.339094022778877680e-03
2.236067977499999859e+00 3.804987052588581185e-03 -3.110373097736651715e-03 2.235388238813751371e-03 -4.796325783256665844e-03 -4.678388943388234189e-03
2.618033988750000152e+00 2.560875379947757501e-03 1.010754048502704450e-02 -1.184580171675886362e-03 6.217265333598022067e-03 -1.766143165791156378e-02
3.236067977499999859e+00 -3.853231305139813954e-03 -5.914446748422896860e-03 -4.729393628172262609e-03 -2.660361887910510370e-02 -2.570626074982484965e-02
3.618033988750000152e+00 1.666080971282623766e-02 1.033213337615634941e-02 -1.174452359515854027e-02 -2.186286989677772158e-02 -4.031588745614378411e-02
4.000000000000000000e+00 3.254792318441168241e-03 1.581119299398636713e-02 -1.879859050508692064e-02 -1.404101879539530924e-02 -4.684967343391299721e-02
