# time	1e-1	25e-2	5e-1	75e-2	1
-4.000000000000000000e+00 -1.078534651810514160e-02 -1.954971031459251662e-02 -2.084816425500513049e-02 -1.864347705193836191e-03 -2.710679750543842914e-02
-3.618033988750000152e+00 -1.982792966259694020e-02 -1.652980798407810425e-02 -2.586653007119465997e-02 -2.009388336958492852e-02 -2.494301763303619079e-02
-3.236067977499999859e+00 -5.043241964819421969e-02 -3.978215059654566232e-02 -2.567571430195370041e-02 -3.208877773701601654e-02 -2.804498553140299943e-02
-2.618033988750000152e+00 -2.162114616371945894e-02 -3.088416896996903915e-02 -2.404411327746602822e-02 -2.777516855506768564e-02 -2.465916141472235257e-02
-2.236067977499999859e+00 -4.324246912323913977e-02 -4.246920480912574902e-02 -4.539860647024829277e-02 -4.674424040895303750e-02 -4.164011986749760474e-02
-1.381966011250000070e+00 -1.279751626265257236e-01 -1.088430340246304695e-01 -9.784605349496544591e-02 -8.984429111702002535e-02 -8.841308182826190798e-02
-1.236067977500000081e+00 7.552582653863602891e-02 6.447545281769162528e-02 5.984709096546469986e-02 5.751782365949321268e-02 5.626271534994869983e-02
-1.000000000000000000e+00 3.373788788021968993e-02 3.139542299712694273e-02 2.932092749322601222e-02 2.842981485683527751e-02 3.003664475054526606e-02
-3.819660112500000149e-01 2.685149474504488695e-02 2.494817912270796967e-02 2.192510029063732269e-02 1.950072345484363603e-02 2.160551187120746119e-02
0.000000000000000000e+00 1.172211417503775388e-02 1.301981430655728585e-02 1.204843092704497090e-02 1.365036852665174778e-02 1.269399074587827976e-02
3.819660112500000149e-01 1.834244052395516897e-02 1.354329858822556076e-02 1.241292419605910524e-02 1.173901361398104609e-02 1.455041817803454096e-02
1.000000000000000000e+00 9.929802519056949925e-03 9.598938054655725693e-03 9.563393585843016353e-03 1.240443928230725371e-02 8.125148091776834836e-03
1.236067977500000081e+00 2.498570167708269018e-03 1.243334405056639724e-02 9.640010887429495412e-03 2.635066710185738053e-03 1.118592049581396131e-02
1.381966011250000070e+00 1.220232603418858024e-02 2.097149132596065613e-03 7.554961842898277879e-03 8.605316819190435979e-03 7.506590471259566577e-03
2.236067977499999859e+00 8.661994401124027340e-03 1.308492979734676709e-03 6.364815873047269257e-03 5.244710034278831159e-03 5.646747858056161418e-03
2.618033988750000152e+00 1.887151957341570273e-03 1.317155873177267011e-02 4.411489246985977886e-03 1.252935276326243991e-02 2.015076874589682987e-03
3.236067977499999859e+00 1.439379059969825075e-03 1.939848322574100337e-03 6.891452031188016747e-03 -2.055656133956615655e-03 1.806728108311173031e-03
3.618033988750000152e+00 1.117794860894249891e-02 7.264321171662757592e-03 3.126500567318668544e-03 -1.889283240529159155e-03 -2.594282673161474317e-03
4.000000000000000000e+00 6.815647575209026442e-03 1.118789752396764925e-02 -4.336311833741390842e-03 6.358976631975426543e-03 -3.846131661833229742e-03
