# (rescaled) occupation numbers for nc = 2, time = 10
# N_rep = 900000  (U = 1e-1), 160000  (U = 25e-2), 400000  (U = 5e-1), 22453  (U = 75e-2), 21060  (U = 1)
# single-particle en | degeneracy | perturb. th. | N U^{-2} mean ( U = 1e-1 / 25e-2 / 5e-1 / 75e-2 / 1 ) | error ( U = 1e-1 / 25e-2 / 5e-1 / 75e-2 / 1 )
-4.000000000000000000e+00 1.000000000000000000e+00 -2.300043341196378321e-02 -1.114008895621853984e-01 -8.519109448634765158e-02 -4.915522320943388479e-02 -7.064015487284672212e-02 -1.039121479668505543e-01 0.000000000000000000e+00 0.000000000000000000e+00 0.000000000000000000e+00 0.000000000000000000e+00 0.000000000000000000e+00
-3.618033988750000152e+00 4.000000000000000000e+00 -2.721733087565136877e-02 -5.759342608762096222e-02 -1.171770174437414269e-01 -1.830533541235741524e-01 -2.134690071947371592e-01 -2.039297496410499289e-01 3.954950992554511283e-03 5.099464616228387495e-04 1.036204477477689753e-03 1.704116734001139477e-03 1.043126854743091532e-03
-3.236067977499999859e+00 4.000000000000000000e+00 -2.705868676139777662e-02 -1.044967015553899120e-01 -2.134765754168572727e-01 -3.658799579259506274e-01 -4.074330047081455852e-01 -3.452126132468760211e-01 7.497355435101922191e-03 4.533644824751122300e-03 5.081714302354803500e-04 9.198727419175863583e-04 4.034517075359401387e-04
-2.618033988750000152e+00 4.000000000000000000e+00 -3.533487576647353912e-02 -6.530464863949701770e-02 -2.014265126979388754e-01 -4.222587571596427836e-01 -4.658839370012772818e-01 -4.145533848337634719e-01 3.110870281562154189e-03 4.084804000150988636e-03 3.382094084963431567e-04 1.711902196438040485e-03 4.452414628279453227e-04
-2.236067977499999859e+00 8.000000000000000000e+00 -4.077195566118296810e-02 -7.915605141404212508e-02 -2.798614084368353794e-01 -6.095938305036394667e-01 -6.654513859980580870e-01 -5.701351081007404176e-01 2.132423201671045359e-03 2.058166722636964319e-03 6.785816485614819043e-04 1.279300158342323119e-03 7.282976524166423406e-04
-1.381966011250000070e+00 4.000000000000000000e+00 -1.880821166435888703e-01 -1.431400296657780735e-01 -2.871374190602535847e-01 -6.600274706084183762e-01 -7.889268695560864852e-01 -7.127866329688574698e-01 6.703276192699220495e-03 3.467082778101160563e-03 5.746335425824537508e-04 8.876382171652332257e-04 7.393725479515535649e-04
-1.236067977500000081e+00 4.000000000000000000e+00 1.394834836126088717e-01 1.949206753399629066e-01 3.813737274426229895e-01 6.702629352334864565e-01 7.161703057302865050e-01 6.039718356210370676e-01 1.624039655551257240e-03 1.655901905014066930e-03 6.257951269555586497e-04 1.545224678918511677e-03 2.479023443212291749e-04
-1.000000000000000000e+00 8.000000000000000000e+00 2.890906034331497398e-02 8.183855665056526119e-02 2.542371455762733046e-01 5.548264316329767354e-01 6.262915708257391634e-01 5.444465218886069824e-01 1.578671367359203411e-03 1.111186914176668511e-03 5.608703093671730351e-04 6.856809779567739739e-04 5.553978749719530811e-04
-3.819660112500000149e-01 4.000000000000000000e+00 1.728429890814664471e-02 4.898512118176045343e-02 1.819124813435615273e-01 4.416721486755152970e-01 4.910097377263625829e-01 4.221678909999389551e-01 1.728888488824440166e-03 1.750213441989559998e-03 7.021245655587420248e-04 1.348014545236837260e-03 8.178426262174971761e-04
0.000000000000000000e+00 1.800000000000000000e+01 1.732612230513508322e-02 3.993978707004488399e-02 1.519679153333787225e-01 3.292584494020712738e-01 3.729993823254478258e-01 3.233341143145920804e-01 1.000479149609910480e-03 1.958621032003472588e-03 2.140597041134061594e-03 1.327521742889781068e-03 6.509636496201799769e-04
3.819660112500000149e-01 4.000000000000000000e+00 1.373792583921473742e-02 3.809656606825750219e-02 1.234426118624782909e-01 2.325016536118127419e-01 2.628602240665434131e-01 2.343711150198040105e-01 1.385547776568656162e-03 2.236128751716580029e-03 4.352792045638602674e-04 1.023154653519566665e-03 1.370333673469144439e-03
1.000000000000000000e+00 8.000000000000000000e+00 1.020786011676322325e-02 1.158367149492606045e-02 3.517941827083292949e-02 8.582031226358527443e-02 1.117517644732514692e-01 1.118991681121664222e-01 1.645161802646845492e-03 1.127119631514915876e-03 3.966150540209672885e-04 6.287240196647641676e-04 7.643121429037941141e-04
1.236067977500000081e+00 4.000000000000000000e+00 1.058047181677712612e-02 -5.438655514375389209e-03 -6.270307693896803869e-03 4.224385181251411048e-02 6.096292741748864097e-02 6.885368248908466104e-02 1.382801586191621628e-03 9.463616378038574185e-04 5.543338540474122790e-04 9.004670588845994092e-04 1.240454486673718895e-03
1.381966011250000070e+00 4.000000000000000000e+00 8.707879998394174592e-03 3.509427299201450107e-02 3.585875118375003723e-02 2.791042317580250121e-02 1.837043519797059571e-02 2.696964279772137707e-02 1.102919345315573176e-03 2.881493234299507041e-03 9.879380911611858589e-04 1.758714174316384658e-03 8.429973292477700589e-04
2.236067977499999859e+00 8.000000000000000000e+00 7.325557955851991210e-03 -1.354553714241202127e-02 -7.171193561795075055e-02 -1.627179174867517952e-01 -1.696389707487553911e-01 -1.386404122099175462e-01 1.398328961788133625e-03 2.581828532657520509e-03 3.461646201533132928e-04 8.150781719058221558e-04 4.409289430936040154e-04
2.618033988750000152e+00 4.000000000000000000e+00 6.113391934592704580e-03 -4.601699401401980992e-03 -8.813396158542552428e-02 -2.003200297803333640e-01 -2.387907538110337624e-01 -2.044047954456757465e-01 5.642652141143810569e-04 1.851330807122132140e-03 4.300388498960842736e-04 1.416141408148939226e-03 7.651127861245707968e-04
3.236067977499999859e+00 4.000000000000000000e+00 5.854798400835581340e-03 -3.630233849140628716e-02 -1.383606005795785521e-01 -3.192951676284583318e-01 -3.632456022991766842e-01 -3.173447306082796682e-01 1.697397184751291751e-03 3.522762629558295281e-03 1.978335576576025650e-04 7.235345963512217291e-04 7.641877715711611766e-04
3.618033988750000152e+00 4.000000000000000000e+00 4.796706463323086034e-03 -3.710832228721593767e-02 -1.569438222016446005e-01 -3.625677893164553911e-01 -4.187022487509161062e-01 -3.736649506975719959e-01 1.709362181679039078e-03 3.416302131135264940e-03 8.253761256349343746e-04 1.340463117676968284e-03 4.048704141009382097e-04
4.000000000000000000e+00 1.000000000000000000e+00 4.413320936439868447e-03 -6.572365011598967077e-02 -2.076225604662624846e-01 -4.289307771434183181e-01 -4.786613826718612574e-01 -4.344125051588507702e-01 0.000000000000000000e+00 0.000000000000000000e+00 0.000000000000000000e+00 0.000000000000000000e+00 0.000000000000000000e+00
