# time	1e-1	25e-2	5e-1	75e-2	1
-4.000000000000000000e+00 -1.538568133341300034e-02 -1.348726394994059774e-02 -1.910788995695966719e-02 -1.552921514542917811e-02 -2.307702437510661397e-02
-3.618033988750000152e+00 -2.160039672627344851e-02 -2.342421687786533369e-02 -1.898515945041312492e-02 -1.572585806552457416e-02 -1.812421907226580142e-02
-3.236067977499999859e+00 -2.275834581760837957e-02 -2.165419705093540870e-02 -1.829664466429514746e-02 -1.704661188081225617e-02 -1.856613772524828843e-02
-2.618033988750000152e+00 -4.099385889994033166e-02 -3.302807644609551119e-02 -3.042585926090746185e-02 -3.105462638896364785e-02 -2.497560393757702890e-02
-2.236067977499999859e+00 -4.496533481571084873e-02 -4.469545582492795432e-02 -4.234459102739340786e-02 -3.947351077231431304e-02 -3.442779067931028836e-02
-1.381966011250000070e+00 -8.578708837719827007e-02 -7.308176868998650377e-02 -6.935792760370818044e-02 -6.253164580198619649e-02 -5.945363027569372516e-02
-1.236067977500000081e+00 4.133994973967713288e-02 3.775923376199141757e-02 3.336924057318890746e-02 3.120791712408877913e-02 2.942393111728669464e-02
-1.000000000000000000e+00 3.219325659706284010e-02 2.889922014492896096e-02 2.641559853959751791e-02 2.376643666162081558e-02 2.217018387213678943e-02
-3.819660112500000149e-01 2.686595097806110041e-02 2.112755813719058295e-02 1.807377228316142670e-02 1.545252051016928266e-02 1.392274305560686765e-02
0.000000000000000000e+00 1.196314637544017984e-02 1.348626957780534735e-02 1.230847436155905507e-02 1.097977674424819444e-02 9.683986266839330476e-03
3.819660112500000149e-01 1.615431355517226927e-02 1.292579995617604283e-02 1.044201784685672152e-02 1.063430916026971221e-02 8.778170228075643511e-03
1.000000000000000000e+00 9.490385745533623171e-03 6.970747528256548975e-03 7.383374385086516334e-03 5.754502131658264900e-03 6.674323558378963961e-03
1.236067977500000081e+00 3.833889639370812417e-03 7.698441032544245388e-03 7.461386096357935926e-03 4.716942412202267988e-03 7.780185823576257764e-03
1.381966011250000070e+00 6.110039976747748923e-03 5.503507686666075926e-03 4.932565376203346119e-03 7.917044232071587459e-03 7.256411349436386882e-03
2.236067977499999859e+00 7.649909367010708158e-03 3.618685167205981656e-03 5.081266258519234746e-03 4.899703259970195589e-03 4.775146460590101727e-03
2.618033988750000152e+00 2.707115942524040541e-03 6.130509373170056620e-03 5.757459333255443568e-03 8.574884652917051653e-03 4.588837781151211548e-03
3.236067977499999859e+00 5.239092840253477788e-03 5.180789550829345558e-03 5.880195535679089147e-03 5.565055157506925212e-03 7.298375558362213411e-03
3.618033988750000152e+00 8.131351917489702472e-03 5.958442404963015804e-03 5.801543326977576243e-03 5.273314784348670514e-03 4.423268790265666439e-03
4.000000000000000000e+00 8.135251726715251805e-03 8.004743975753569885e-03 6.659808621223284320e-03 6.383199909660359182e-03 5.821035101455374061e-03
