# time	1e-1	25e-2	5e-1	75e-2	1
-4.000000000000000000e+00 -1.476713027637188355e-02 -2.172689862636190128e-02 -2.494933884120698053e-02 -1.644882708635719837e-02 -2.770949781660814182e-02
-3.618033988750000152e+00 -2.736288021443211357e-02 -2.558465155311218098e-02 -2.384532781460890760e-02 -1.979489874181320636e-02 -2.306252208962022987e-02
-3.236067977499999859e+00 -2.728076060110051423e-02 -2.556312954209438715e-02 -1.963044200932184680e-02 -2.191699539913432443e-02 -2.224603398708058233e-02
-2.618033988750000152e+00 -3.787656139453420695e-02 -2.761906095338773071e-02 -2.710367447569250743e-02 -3.106400805591312542e-02 -2.410944416488813857e-02
-2.236067977499999859e+00 -4.100509265192452818e-02 -4.526916907809930279e-02 -4.535705704329928700e-02 -4.397816596297923070e-02 -3.672629438031538296e-02
-1.381966011250000070e+00 -9.289855298466596911e-02 -8.149371878229949573e-02 -7.396213436647869344e-02 -6.540393640589077517e-02 -6.454188379668435172e-02
-1.236067977500000081e+00 4.577320703288977749e-02 3.929781351219574503e-02 3.601258794388995099e-02 3.237790211057214179e-02 3.039426466598660337e-02
-1.000000000000000000e+00 3.510351897294260864e-02 3.344904950163263280e-02 2.988289268439914270e-02 2.786471278373910468e-02 2.693127531454633794e-02
-3.819660112500000149e-01 3.014452080313256149e-02 2.232268883015642302e-02 1.961491218232525036e-02 1.759683382951651373e-02 1.690882358814649322e-02
0.000000000000000000e+00 9.300271471804033921e-03 1.069082829420074827e-02 1.081711064106421517e-02 1.086162724789985559e-02 9.740129069151103394e-03
3.819660112500000149e-01 1.743010405466649190e-02 1.401505510363332263e-02 1.233238177394402335e-02 1.085585880718189719e-02 1.033730305033675467e-02
1.000000000000000000e+00 1.070491896452973983e-02 9.272418230055201605e-03 9.395112407437067326e-03 7.511306147054172370e-03 7.711172403000038367e-03
1.236067977500000081e+00 4.100861533545828962e-03 9.181938059854566347e-03 7.981886848618113817e-03 3.455398014273747265e-03 8.927807274193566567e-03
1.381966011250000070e+00 8.812923465439935142e-03 6.999793614959060051e-03 7.581846117338253421e-03 9.759161073436611530e-03 8.493687161184593215e-03
2.236067977499999859e+00 6.989270886978426155e-03 3.604019377301259652e-03 5.510335731259696779e-03 6.770473100150799922e-03 4.856625185059582073e-03
2.618033988750000152e+00 4.674947064048361710e-03 8.753332181110629051e-03 6.665640928804617005e-03 1.212456313798170211e-02 3.563273495725549633e-03
3.236067977499999859e+00 2.484540905234311047e-03 4.587616888440670948e-03 6.473070405438319241e-03 4.876110031622656223e-03 6.603132691591906411e-03
3.618033988750000152e+00 8.568810284520498796e-03 8.291593787146389616e-03 5.735865824385566469e-03 3.952991429256869083e-03 5.078466283707505635e-03
4.000000000000000000e+00 6.736673917595580562e-03 8.084360441884541615e-03 3.364623617918560683e-03 8.317008750018888008e-03 4.817449699273668173e-03
