# time	2	10	100	100
-4.000000000000000000e+00 -3.128614341856383874e-02 -1.728599090632165769e-02 -1.207582174025390032e-02 -1.207582174025390032e-02
-3.902113032589999975e+00 -2.977197573670453679e-02 -2.000699820253970529e-02 -1.347487151274195938e-02 -1.347487151274195938e-02
-3.804226065181000038e+00 -2.391804116930318358e-02 -1.888972748741668539e-02 -1.618770683875503380e-02 -1.618770683875503380e-02
-3.618033988750000152e+00 -2.233761753141405570e-02 -2.166988012566872790e-02 -1.955714745007774980e-02 -1.955714745007774980e-02
-3.520147021340000126e+00 -2.457478459785278346e-02 -2.098736561349734409e-02 -2.025420670618283125e-02 -2.025420670618283125e-02
-3.236067977499999859e+00 -2.909467042228608413e-02 -2.006734523156139538e-02 -2.157820609861582639e-02 -2.157820609861582639e-02
-3.175570504585000009e+00 -2.805472303169187498e-02 -2.419730031637756795e-02 -2.257375522717319782e-02 -2.257375522717319782e-02
-3.077683537174999984e+00 -2.773910406515323057e-02 -2.376407394927504413e-02 -2.421244821241286260e-02 -2.421244821241286260e-02
-2.793604493335000161e+00 -2.751403634270044307e-02 -2.745633214522646970e-02 -2.802246905493355200e-02 -2.802246905493355200e-02
-2.618033988750000152e+00 -3.480603223053746476e-02 -2.605021308296762150e-02 -2.850486723813272505e-02 -2.850486723813272505e-02
-2.520147021340000126e+00 -3.387641040322864061e-02 -2.957062644185048939e-02 -3.162326448565844217e-02 -3.162326448565844217e-02
-2.351141009170000018e+00 -3.733925196930099055e-02 -3.209720739014154667e-02 -3.377238697411799606e-02 -3.377238697411799606e-02
-2.236067977499999859e+00 -3.802112357430209588e-02 -3.789675696558914009e-02 -3.621650675116883100e-02 -3.621650675116883100e-02
-2.000000000000000000e+00 -4.838964522690902825e-02 -4.486587765554772567e-02 -4.218274175468161857e-02 -4.218274175468161857e-02
-1.902113032589999975e+00 -4.956409116075821686e-02 -4.867738907640473123e-02 -4.942515846699802040e-02 -4.942515846699802040e-02
-1.793604493334999939e+00 -4.806643044498004613e-02 -4.847384846746849441e-02 -4.865329227979886539e-02 -4.865329227979886539e-02
-1.618033988749999930e+00 -5.448129274801538635e-02 -5.593471152473716845e-02 -5.438642214413147435e-02 -5.438642214413147435e-02
-1.381966011250000070e+00 -6.228739782619285847e-02 -6.177137561038548164e-02 -6.197659773817809636e-02 -6.197659773817809636e-02
-1.284079043840000045e+00 3.451062381588704264e-02 3.258212158222084653e-02 2.915502364563282711e-02 2.915502364563282711e-02
-1.236067977500000081e+00 3.595198858440318279e-02 3.114687796559933997e-02 2.929778938189353532e-02 2.929778938189353532e-02
-1.175570504585000009e+00 3.278720303091309241e-02 2.988400365279086923e-02 2.990443767288131216e-02 2.990443767288131216e-02
-1.000000000000000000e+00 2.844794358608110363e-02 2.643396313609130965e-02 2.352566184422588691e-02 2.352566184422588691e-02
-8.244294954149999910e-01 2.470776476776792574e-02 2.005559103537057908e-02 1.850786963881190239e-02 1.850786963881190239e-02
-7.265425280049999657e-01 2.594293026093263954e-02 2.107774920977772970e-02 2.080217107491288964e-02 2.080217107491288964e-02
-6.180339887500000406e-01 2.491668749287245799e-02 1.891982708538575420e-02 2.078841599408298713e-02 2.078841599408298713e-02
-5.575365158349999684e-01 2.155342430955120570e-02 1.914479969066462672e-02 1.824179200384246080e-02 1.824179200384246080e-02
-4.424634841649999761e-01 2.107600965332534493e-02 1.712170963644676913e-02 1.507999042908991782e-02 1.507999042908991782e-02
-3.819660112500000149e-01 1.981483246566151379e-02 1.392264493796646629e-02 1.663540662436568951e-02 1.663540662436568951e-02
-2.840790438399999895e-01 1.952451970813734450e-02 1.752944534918587927e-02 1.423835200670131584e-02 1.423835200670131584e-02
-9.788696740999999757e-02 1.617835921032173552e-02 1.096148595937873615e-02 1.397135602295151990e-02 1.397135602295151990e-02
0.000000000000000000e+00 1.503026677248553433e-02 1.293995231199101745e-02 1.208237804693859316e-02 1.208237804693859316e-02
9.788696740999999757e-02 1.360548952483797702e-02 1.395251572138489493e-02 1.097046247056088220e-02 1.097046247056088220e-02
2.840790438399999895e-01 1.110870692116877612e-02 1.025488773206933990e-02 1.121720573561968415e-02 1.121720573561968415e-02
3.819660112500000149e-01 1.193651612489043945e-02 8.247378148939499276e-03 1.010419681766738798e-02 1.010419681766738798e-02
4.424634841649999761e-01 8.735187412264366902e-03 9.321012360057057133e-03 9.031707044901415848e-03 9.031707044901415848e-03
5.575365158349999684e-01 9.351191238454681365e-03 7.839397531404501684e-03 7.782667240852081392e-03 7.782667240852081392e-03
6.180339887500000406e-01 1.028509676212163715e-02 7.684960704783527774e-03 8.722251888440557543e-03 8.722251888440557543e-03
7.265425280049999657e-01 8.006605780263797989e-03 8.883130522062687717e-03 7.688433236804903537e-03 7.688433236804903537e-03
8.244294954149999910e-01 5.294419924783522191e-03 1.000303694122905984e-02 7.414185118337357494e-03 7.414185118337357494e-03
1.000000000000000000e+00 6.679457063118898752e-03 7.107863392183388918e-03 5.994670130532453456e-03 5.994670130532453456e-03
1.175570504585000009e+00 5.566019780989139853e-03 5.607928880220769408e-03 3.948308792200982964e-03 3.948308792200982964e-03
1.236067977500000081e+00 6.925078900072545451e-03 8.993698141835926307e-03 8.615700599606812560e-03 8.615700599606812560e-03
1.284079043840000045e+00 5.904030798200232688e-03 6.187818312193005266e-03 5.135569983549803652e-03 5.135569983549803652e-03
1.381966011250000070e+00 6.043984969666182927e-03 7.919533380529863997e-03 5.734069842816547080e-03 5.734069842816547080e-03
1.618033988749999930e+00 7.146170606690094296e-03 3.333052585375029242e-03 8.447471114164661898e-03 8.447471114164661898e-03
1.793604493334999939e+00 5.781531626471381191e-03 4.906634014602284655e-03 7.266094945954093554e-03 7.266094945954093554e-03
1.902113032589999975e+00 3.755832619347809764e-03 6.409293595827647572e-03 6.532088739294450441e-03 6.532088739294450441e-03
2.000000000000000000e+00 5.436331727772358846e-03 5.456569492020002521e-03 5.175411353308678741e-03 5.175411353308678741e-03
2.236067977499999859e+00 5.600982471320348210e-03 4.748857516998217232e-03 8.171960440900294387e-03 8.171960440900294387e-03
2.351141009170000018e+00 7.678771457011013268e-03 5.340460294184778967e-03 5.995044614587330400e-03 5.995044614587330400e-03
2.520147021340000126e+00 3.499474324265727798e-03 4.941663691166719996e-03 4.254415634447061834e-03 4.254415634447061834e-03
2.618033988750000152e+00 5.191450495729443837e-03 4.503709052116611211e-03 6.305457976818473753e-03 6.305457976818473753e-03
2.793604493335000161e+00 4.900454871252790667e-03 5.213889753014899764e-03 5.332014420469932681e-03 5.332014420469932681e-03
3.077683537174999984e+00 3.217407003319738834e-03 4.786275582629173631e-03 5.188841789210973943e-03 5.188841789210973943e-03
3.175570504585000009e+00 6.143559364905071263e-04 6.720974279699754028e-03 6.402816638972907981e-03 6.402816638972907981e-03
3.236067977499999859e+00 6.513990190276430781e-03 5.105688858719759082e-03 6.676682007711320921e-03 6.676682007711320921e-03
3.520147021340000126e+00 2.032254202651295749e-03 6.508656868369488979e-03 6.168638520251401580e-03 6.168638520251401580e-03
3.618033988750000152e+00 6.973857006183914464e-04 2.789571079930830422e-03 3.953490625574485051e-03 3.953490625574485051e-03
3.804226065181000038e+00 -1.586347072445537520e-03 3.939454025623234656e-03 5.389737022176710468e-03 5.389737022176710468e-03
3.902113032589999975e+00 2.385986269464956955e-03 5.275553669844001980e-03 5.738308918057377639e-03 5.738308918057377639e-03
4.000000000000000000e+00 2.632213914756764694e-03 -2.650174070764066414e-03 6.031306941123304455e-03 6.031306941123304455e-03
