# (rescaled) occupation numbers for U = 5e-1, time = 5
# N_rep = 70000  (N = 2), 33800  (N = 10), 80000  (N = 100), 39860  (N = 1000)
# single-particle en | degeneracy | perturb. th. | N U^{-2} mean ( N = 2 / 10 / 100 / 1000 ) | error ( N = 2 / 10 / 100 / 1000 )
-4.000000000000000000e+00 1.000000000000000000e+00 -2.189452148822756961e-02 -1.710857312695424071e-01 -5.053077659479932038e-02 -1.510997502709443552e-02 -1.896656646760419562e-02 0.000000000000000000e+00 0.000000000000000000e+00 0.000000000000000000e+00 0.000000000000000000e+00
-3.902113032589999975e+00 4.000000000000000000e+00 -2.247095509303331795e-02 -1.563270551096884731e-01 -6.438159580072211341e-02 -2.735723539091239331e-02 -2.380400243673364002e-02 7.482702555859417452e-03 1.803530347753228708e-02 7.928097266190377301e-03 2.245495601262033781e-03
-3.804226065181000038e+00 4.000000000000000000e+00 -2.304068072464771078e-02 -1.504158165143500980e-01 -5.654565298501057491e-02 -2.344462132852775937e-02 -1.775514176760584206e-02 5.898657513949604955e-03 1.311104343626753183e-02 9.055054481983218842e-03 1.238851850044367896e-02
-3.618033988750000152e+00 4.000000000000000000e+00 -2.455215188689585659e-02 -1.433114303213507412e-01 -4.839604021084520369e-02 -1.900922325850373795e-02 -1.275478366702387234e-02 4.052803941863992836e-03 1.126846857107493063e-02 8.083013668640757349e-03 4.702999627710208706e-03
-3.520147021340000126e+00 8.000000000000000000e+00 -2.524627204445706319e-02 -1.442120452975643730e-01 -5.218815051120873072e-02 -2.888239725034047467e-02 -2.568484190484943142e-02 5.862065988355051951e-03 1.814219620237242717e-02 7.996767422476225989e-03 1.159661154739217472e-02
-3.236067977499999859e+00 4.000000000000000000e+00 -2.792317595466276003e-02 -1.370597192551485932e-01 -4.952677469499677798e-02 -2.782848065110421487e-02 -3.189767346700733697e-02 7.074904510564081379e-03 9.534185982045435132e-03 4.568865759246878121e-03 1.456623105479033960e-02
-3.175570504585000009e+00 4.000000000000000000e+00 -2.827789536369973433e-02 -1.220415342488099242e-01 -4.811804196126590050e-02 -3.253893586574463370e-02 -2.701882754874151971e-02 4.555294048671263731e-03 1.520472206658419860e-02 3.527421235417421870e-03 1.602275151552369839e-02
-3.077683537174999984e+00 8.000000000000000000e+00 -2.877598737940756379e-02 -1.255455265718179447e-01 -4.753179617057956552e-02 -2.820789401041245981e-02 -1.997225444699823882e-02 5.596430927755417090e-03 1.415784771303016734e-02 1.029134371150119964e-02 1.297422483412595529e-02
-2.793604493335000161e+00 8.000000000000000000e+00 -3.301751714121814452e-02 -1.285678313784046622e-01 -5.075533902239137696e-02 -3.194188101627304377e-02 -3.150936751017408000e-02 9.227180128205990720e-03 8.712943078865088842e-03 7.115121109915936021e-03 1.578569621052637595e-02
-2.618033988750000152e+00 4.000000000000000000e+00 -3.458639803819707481e-02 -1.129444548384350711e-01 -4.651429249468042038e-02 -3.734440830092111696e-02 -3.712918394482844775e-02 7.439759144700230746e-03 1.271005677515913562e-02 6.675051148772588420e-03 5.232294596848013034e-03
-2.520147021340000126e+00 8.000000000000000000e+00 -3.582065563822989240e-02 -1.177459412249888260e-01 -5.138199445290259071e-02 -3.357784618112091835e-02 -3.931241704352439470e-02 1.081505540531692462e-02 1.792326986089019109e-02 1.215108662253686425e-02 1.487448652393837806e-02
-2.351141009170000018e+00 4.000000000000000000e+00 -3.875085045965498409e-02 -1.224825744632012103e-01 -6.425643757789756272e-02 -3.559316776171606023e-02 -3.950692266463384783e-02 4.359993402805512411e-03 1.691112286791046637e-02 7.100549821877304331e-03 1.085655528441410028e-02
-2.236067977499999859e+00 8.000000000000000000e+00 -4.144632796258163054e-02 -1.275997584604366963e-01 -5.764123166944412624e-02 -2.933930671811246782e-02 -2.910790382371075680e-02 9.353449072442203069e-03 1.225831617938209078e-02 9.936928395674116121e-03 8.560966108651703668e-03
-2.000000000000000000e+00 4.000000000000000000e+00 -4.442438523936176331e-02 -1.017728542352491772e-01 -4.289226693719672134e-02 -4.017968070404442926e-02 -3.275081913522992494e-02 3.579826359377554987e-03 1.582805174066834880e-02 6.877316324202640933e-03 1.016546310121296294e-02
-1.902113032589999975e+00 8.000000000000000000e+00 -4.852642326091860525e-02 -1.219651798709460166e-01 -5.024853877646839884e-02 -4.557074105466796254e-02 -4.255804551722697227e-02 4.519776643578458410e-03 1.208880538256278982e-02 6.510376737942442406e-03 1.384587477023807058e-02
-1.793604493334999939e+00 8.000000000000000000e+00 -5.147036108322633474e-02 -1.226321371912835190e-01 -5.692151228887720738e-02 -4.363170455863318864e-02 -4.843698325263101623e-02 5.927564691420158724e-03 6.858875504371822474e-03 6.627650897007528706e-03 1.280080488293559686e-02
-1.618033988749999930e+00 8.000000000000000000e+00 -6.002898654130550682e-02 -1.349824802998895734e-01 -7.020487044299916768e-02 -4.456338240865775902e-02 -3.849759772245331391e-02 6.722604611286198822e-03 1.498821075668388403e-02 8.731243324017876409e-03 1.166225971015576179e-02
-1.381966011250000070e+00 4.000000000000000000e+00 -8.446313430486385165e-02 -1.555722650288142717e-01 -8.772972371892451271e-02 -7.592778118143961308e-02 -6.575342886649959695e-02 7.131795560737159631e-03 1.470164727920484499e-02 7.545485184336973850e-03 1.225494324274974296e-02
-1.284079043840000045e+00 8.000000000000000000e+00 3.813542804690106536e-02 1.830816620389968952e-01 6.724881711350300106e-02 3.215991808157014908e-02 2.987047289540467609e-02 4.021766239796266580e-03 3.412170503424290929e-03 3.603362532419159686e-03 5.322175112867310286e-03
-1.236067977500000081e+00 4.000000000000000000e+00 3.499893465540104831e-02 1.760877220993743997e-01 5.703674655798407489e-02 2.797866735296250518e-02 2.797595952047648993e-02 4.013188583392998839e-03 5.808043268218014352e-03 2.952101023828899301e-03 2.243051113595757613e-03
-1.175570504585000009e+00 8.000000000000000000e+00 3.128572300963861075e-02 1.672287664388030781e-01 5.780803417502949904e-02 2.707190161219397151e-02 2.443125350676256247e-02 4.739554211086448657e-03 4.800456845145645995e-03 3.853286202535677069e-03 6.388485301092072452e-03
-1.000000000000000000e+00 8.000000000000000000e+00 2.439140092696712170e-02 1.564677771496024716e-01 5.293773209136515279e-02 2.537315892715275023e-02 2.460455025718455424e-02 3.312348953568132557e-03 6.103119809916950078e-03 3.377479667574139269e-03 5.316764806968870063e-03
-8.244294954149999910e-01 4.000000000000000000e+00 2.251399682437849048e-02 1.428048955075554849e-01 3.780084028016772457e-02 2.359394101832390511e-02 2.045435652053839704e-02 5.052853333609218754e-03 4.798240334615107815e-03 3.390216078402716760e-03 7.133975800538564990e-03
-7.265425280049999657e-01 8.000000000000000000e+00 2.088030481631386603e-02 1.321945242243532936e-01 4.212283623254847731e-02 1.386266564967209014e-02 1.756474544722941289e-02 4.599837380642371638e-03 6.221126917111933705e-03 6.484598268527304830e-03 5.295112971188649723e-03
-6.180339887500000406e-01 8.000000000000000000e+00 1.941459842589954299e-02 1.244497953750566266e-01 3.580016462958413026e-02 1.866409953495962171e-02 1.537595233297439634e-02 4.535711834263413123e-03 8.187095016843186704e-03 3.708505057429820843e-03 6.083382858455107373e-03
-5.575365158349999684e-01 8.000000000000000000e+00 1.845587174745522141e-02 1.211986700435969122e-01 4.288074245412193397e-02 1.726111306424304992e-02 1.387838611371927655e-02 5.363834831616362195e-03 8.289174859331054079e-03 5.543298389290255736e-03 7.145016091313624758e-03
-4.424634841649999761e-01 8.000000000000000000e+00 1.771433811023370719e-02 1.165702129083627248e-01 3.612422874054332933e-02 1.616090158031435742e-02 1.367553708081503672e-02 4.301155330829002296e-03 1.270149066234191500e-02 3.468400377030427667e-03 8.168706843416057017e-03
-3.819660112500000149e-01 4.000000000000000000e+00 1.812298956201829903e-02 1.155073735120080158e-01 3.284362364851689531e-02 1.968682248787989586e-02 1.560430884844921096e-02 3.775974982684042729e-03 2.606491773689518544e-03 2.775073586645585271e-03 1.223175323211301430e-02
-2.840790438399999895e-01 8.000000000000000000e+00 1.715604589534813762e-02 1.058093106622156054e-01 3.814077526070380753e-02 1.794824389882154758e-02 1.486990665325316208e-02 4.050235309734901042e-03 5.694880824587846176e-03 2.770852840016617327e-03 6.857656284098857455e-03
-9.788696740999999757e-02 4.000000000000000000e+00 1.581830462916711255e-02 9.835938119365228438e-02 3.182387619614146512e-02 1.810266935113324926e-02 9.623554219795327214e-03 7.214485160347981069e-03 5.166295789098230770e-03 2.695744131189849700e-03 6.934694088787858937e-03
0.000000000000000000e+00 3.800000000000000000e+01 1.482993709779545366e-02 8.613153784134414126e-02 2.990368381528943700e-02 1.385812529365198879e-02 1.295501618259782550e-02 6.724145650205434581e-03 8.016945718770446955e-03 5.114711512243113462e-03 7.812439426405701562e-03
9.788696740999999757e-02 4.000000000000000000e+00 1.441104424699790609e-02 8.414442606481120634e-02 3.060170452076294012e-02 1.459976662643858170e-02 1.242332627909847886e-02 3.990082755399059974e-03 2.976627982450600392e-03 4.833448422667286325e-03 3.478520973221398572e-03
2.840790438399999895e-01 8.000000000000000000e+00 1.286898780154710487e-02 7.535262146396320970e-02 2.759182831822748483e-02 1.359146652036569147e-02 1.191278855056099317e-02 2.577932331119928144e-03 1.308354089523711475e-02 5.243428336881023576e-03 3.609011533768878999e-03
3.819660112500000149e-01 4.000000000000000000e+00 1.267065361974173410e-02 6.882529579044216472e-02 2.552545360826607990e-02 1.207628871962018735e-02 1.487348775847108229e-02 4.226903655355626274e-03 6.909617160396629848e-03 4.205541960948606418e-03 1.225599736448778308e-02
4.424634841649999761e-01 8.000000000000000000e+00 1.217847726894605298e-02 6.068474684909735961e-02 2.047405699302812243e-02 9.300665752087766691e-03 8.244264610129947712e-03 3.412730778719676953e-03 7.291859748740529140e-03 6.056340006412397857e-03 5.135821744179204854e-03
5.575365158349999684e-01 8.000000000000000000e+00 1.134519223215069150e-02 4.737634133540974402e-02 1.638631093088399604e-02 1.211471918203810283e-02 8.750525830714117603e-03 4.571106759432360007e-03 8.112608623738195093e-03 5.548654847700036988e-03 5.858521074087515851e-03
6.180339887500000406e-01 8.000000000000000000e+00 1.147081431907570614e-02 4.328513737672157191e-02 1.582463093680652744e-02 8.318063036383271935e-03 5.369793190879157407e-03 4.684163279127715601e-03 8.068001130587598019e-03 4.415650492952559111e-03 5.834616670922019264e-03
7.265425280049999657e-01 8.000000000000000000e+00 1.054068045398626197e-02 4.726491518514108758e-02 1.995274525051715653e-02 9.447427111744510775e-03 1.143283332272204689e-02 3.752546762505048518e-03 8.363163612895832891e-03 6.441872183484112849e-03 1.119725437236274677e-02
8.244294954149999910e-01 4.000000000000000000e+00 1.062760203622803434e-02 4.506320583411271841e-02 2.498458832070171720e-02 1.355584321772740353e-02 8.599344444082390737e-03 3.188570711866925596e-03 1.225600460042881694e-02 6.664308075664870067e-03 1.051854936181093048e-02
1.000000000000000000e+00 8.000000000000000000e+00 9.851420528024124046e-03 2.821709890994722469e-02 1.087788148672885757e-02 1.311368927221501224e-02 1.877938570329917845e-02 5.227066186384675753e-03 7.908676749189002403e-03 4.103488921225978935e-03 4.690127807450341496e-03
1.175570504585000009e+00 8.000000000000000000e+00 9.242367753706237643e-03 1.539572364433045015e-02 8.515817722379859234e-03 1.072159614235457248e-02 1.044699259117320977e-02 6.564502057805964713e-03 5.650575216762254542e-03 5.501675207277473105e-03 5.980714390875270341e-03
1.236067977500000081e+00 4.000000000000000000e+00 9.313290743559021756e-03 1.066355140404773305e-02 1.792068171829419576e-02 9.496977643475013053e-03 7.440061837671319012e-03 4.134736388606875812e-03 6.977680553873077604e-03 2.418807896106431061e-03 6.529795830741837864e-03
1.284079043840000045e+00 8.000000000000000000e+00 8.558931335296393605e-03 1.943758730299299797e-02 1.254206315275424588e-02 9.293850575131656910e-03 9.653978634449611462e-03 7.095686506928474378e-03 9.220477481352150340e-03 5.107514414026226995e-03 8.668767055904197036e-03
1.381966011250000070e+00 4.000000000000000000e+00 8.748676812323052943e-03 1.518176971745799353e-02 1.459021151359596313e-02 7.110481967603776710e-03 1.157243144866981766e-03 4.834433211489115242e-03 9.343424062319668003e-03 7.800291655779945099e-03 5.825604253199826409e-03
1.618033988749999930e+00 8.000000000000000000e+00 8.100397833261330227e-03 -3.096671916045234951e-04 3.106033455261836274e-03 9.838290121003123723e-03 3.837218502500405748e-03 3.443307640132843052e-03 6.745473736734354173e-03 2.902170311772765948e-03 7.307756225324573557e-03
1.793604493334999939e+00 8.000000000000000000e+00 7.667310275689454002e-03 -1.320555651570198830e-02 2.177449044235002518e-03 7.063513306015956061e-03 7.383272943445318148e-03 4.948496086495914742e-03 4.095547550871981440e-03 7.779558537841214927e-03 7.131897150777299389e-03
1.902113032589999975e+00 8.000000000000000000e+00 7.091729808507141186e-03 -9.739987667945593230e-03 5.270650306766488935e-03 4.559820052227325782e-03 6.158818895235507185e-03 3.415858819255200487e-03 7.601897799101865229e-03 4.092993503210742672e-03 9.763449235192095399e-03
2.000000000000000000e+00 4.000000000000000000e+00 7.199376629328568811e-03 -1.746094211401438834e-02 -1.018606423754397916e-03 5.205844347000443406e-03 4.236337821261759728e-03 5.618643005132451310e-03 5.919423436673538520e-03 4.002544685769076314e-03 8.392914415596641753e-03
2.236067977499999859e+00 8.000000000000000000e+00 6.753984749502395246e-03 -2.978426615104068365e-02 -1.583230366905830078e-03 6.398528628412392116e-03 2.385389009207372624e-03 3.901122556540353222e-03 8.441720107708423557e-03 4.342362189283588587e-03 6.769943198891193933e-03
2.351141009170000018e+00 4.000000000000000000e+00 6.497433928419393823e-03 -4.087407772517104299e-02 -6.104462750986527908e-03 4.030628956308568434e-03 6.697321392801214301e-03 6.170156390545116637e-03 2.635814347151847845e-03 6.881112848323540747e-03 6.474767369545568821e-03
2.520147021340000126e+00 8.000000000000000000e+00 6.192975799565236805e-03 -4.207379341620731683e-02 -6.483073496595936902e-03 5.429253554839474916e-03 6.464186830507090420e-03 6.002753224677795027e-03 6.028674183487988184e-03 6.509969504845318326e-03 4.900955948798860901e-03
2.618033988750000152e+00 4.000000000000000000e+00 6.037410909693452510e-03 -4.301408060810540945e-02 -1.148558995726300935e-02 6.024985236197100136e-03 9.714696708962300420e-03 4.978034699936951385e-03 9.096591660844491334e-03 6.805138947033468645e-03 9.923544410271434302e-03
2.793604493335000161e+00 8.000000000000000000e+00 5.851353742909237710e-03 -5.097324069935249558e-02 -9.838859242485564760e-03 4.498228957944272466e-03 2.935096777900714216e-03 6.883797633315724175e-03 7.718865484546082179e-03 5.562651030846119983e-03 9.323787977188619999e-03
3.077683537174999984e+00 8.000000000000000000e+00 5.465281988421111237e-03 -6.572206070170460990e-02 -8.971537382495842206e-03 5.121213253045375779e-03 6.577923575473709761e-03 6.793214753193362390e-03 1.057482040572580925e-02 7.347730577284706383e-03 9.035560878489180478e-03
3.175570504585000009e+00 4.000000000000000000e+00 5.321323096985852708e-03 -6.598258912981314062e-02 -1.135173019706892106e-02 3.654921884910233842e-03 -1.260540726966130620e-03 1.927721250995460822e-03 8.986213135737056851e-03 2.582280394240499787e-03 6.786159046119196944e-03
3.236067977499999859e+00 4.000000000000000000e+00 5.306943493892823938e-03 -7.828186616170840217e-02 -8.827611879567154318e-03 6.266003908017570012e-04 2.314732129915508807e-03 4.852593931525798002e-03 1.412045890896990522e-03 4.221648171552418692e-03 3.733828067943224197e-03
3.520147021340000126e+00 8.000000000000000000e+00 5.028219942581735324e-03 -8.714602117182412844e-02 -1.217716345243313736e-02 1.086407565795144414e-03 3.586813513367648198e-03 5.886255647876367965e-03 8.725911318151490653e-03 3.084291155595911878e-03 8.207368531694660130e-03
3.618033988750000152e+00 4.000000000000000000e+00 4.983545779575715429e-03 -8.918764001602919045e-02 -2.765994046579622889e-02 8.536749709131541408e-04 1.202632160229866187e-02 4.114604653206735234e-03 9.796523434896302687e-03 6.365595716283335530e-03 6.095699490825401586e-03
3.804226065181000038e+00 4.000000000000000000e+00 4.848444243365279682e-03 -9.995998310340148407e-02 -2.021567518908140570e-02 2.544778055862950694e-03 7.690730892240260630e-03 3.003920123881075738e-03 1.319914223328435762e-02 4.486227214898856272e-03 3.798154783000880046e-03
3.902113032589999975e+00 4.000000000000000000e+00 4.645040860266291816e-03 -1.109198238362567590e-01 -2.149566678088521421e-02 -3.011579454936796907e-03 1.652866753965032132e-03 4.516839190719933693e-03 8.943547315762455721e-03 5.876351152308430768e-03 7.240056956064741187e-03
4.000000000000000000e+00 1.000000000000000000e+00 4.712020930603633140e-03 -1.125035411375332473e-01 -3.108368187643595348e-02 -5.985568088728854264e-04 1.037724630403857873e-02 0.000000000000000000e+00 0.000000000000000000e+00 0.000000000000000000e+00 0.000000000000000000e+00
