# (rescaled) occupation numbers for U = 5e-1, time = 2
# N_rep = 70000  (N = 2), 33800  (N = 10), 80000  (N = 100), 39860  (N = 1000)
# single-particle en | degeneracy | perturb. th. | N U^{-2} mean ( N = 2 / 10 / 100 / 1000 ) | error ( N = 2 / 10 / 100 / 1000 )
-4.000000000000000000e+00 1.000000000000000000e+00 -2.170821803850864207e-02 -7.673462183181989360e-02 -3.462453205576032644e-02 -1.581564237898014369e-02 -2.850076509286481041e-02 0.000000000000000000e+00 0.000000000000000000e+00 0.000000000000000000e+00 0.000000000000000000e+00
-3.902113032589999975e+00 4.000000000000000000e+00 -2.237963637464801536e-02 -6.421873583111370465e-02 -3.573322891917585231e-02 -2.352823487599131624e-02 -2.331409664901862300e-02 5.753753534988924161e-03 1.466876714531131949e-02 3.190653574729987885e-03 1.140561040555921300e-02
-3.804226065181000038e+00 4.000000000000000000e+00 -2.319168558877482411e-02 -6.269766788298625215e-02 -3.621449841748503040e-02 -2.383716508282951452e-02 -1.571478260098402302e-02 1.667121932220131525e-03 7.373738729191527813e-03 4.615511891194616460e-03 9.202131706650630918e-03
-3.618033988750000152e+00 4.000000000000000000e+00 -2.479531592532202566e-02 -5.604360490238491366e-02 -3.374596383868500027e-02 -1.820512578927235836e-02 -2.383628444047047878e-02 6.440146985605477332e-03 9.473117762997217139e-03 7.617600089259699871e-03 6.288022295600598568e-03
-3.520147021340000126e+00 8.000000000000000000e+00 -2.559567168922738389e-02 -5.335117154704249742e-02 -3.133160349501562525e-02 -2.161724475975290716e-02 -2.580569016463751808e-02 6.260100308855101429e-03 1.089090905330957967e-02 4.722622629761579795e-03 6.128818436061999296e-03
-3.236067977499999859e+00 4.000000000000000000e+00 -2.780822276509775648e-02 -4.425442497367715333e-02 -2.561975660465898308e-02 -2.282538073483664220e-02 -2.804039724413343038e-02 4.242096853292438331e-03 6.657618688432878976e-03 4.937914506384760358e-03 6.913724535111995945e-03
-3.175570504585000009e+00 4.000000000000000000e+00 -2.872108665780337411e-02 -4.790212143172833947e-02 -3.184931202494856173e-02 -3.240893583718040816e-02 -2.406178509106737806e-02 2.186625066572933564e-03 1.231946563550031766e-03 4.303364476873552426e-03 8.678251187909005737e-03
-3.077683537174999984e+00 8.000000000000000000e+00 -2.927210514735367752e-02 -4.346106584905751191e-02 -2.935251943072758607e-02 -2.677112080533561311e-02 -2.115167429134201527e-02 5.064053257835511405e-03 8.401964124492114147e-03 7.049026734104648501e-03 8.060820853200183905e-03
-2.793604493335000161e+00 8.000000000000000000e+00 -3.181438876199305099e-02 -4.106375376083004625e-02 -2.744872635321859988e-02 -2.907384338630691900e-02 -3.014140022011835285e-02 4.932127530917010567e-03 4.475754601994060694e-03 5.981323087232565117e-03 7.207956514611688938e-03
-2.618033988750000152e+00 4.000000000000000000e+00 -3.390678112296763302e-02 -4.009464407046881007e-02 -2.474347034787660604e-02 -3.305521257290777726e-02 -3.113766130413697653e-02 6.771723066304123108e-03 1.981471474569196280e-03 4.204426907340299072e-03 6.434684534917703425e-03
-2.520147021340000126e+00 8.000000000000000000e+00 -3.522261713281182871e-02 -3.798271018654109099e-02 -2.950233769739407652e-02 -3.456517079230003731e-02 -3.580156021043556791e-02 6.148249234226361125e-03 7.760517234012181791e-03 6.265101456270127066e-03 6.004701802284062410e-03
-2.351141009170000018e+00 4.000000000000000000e+00 -3.812551920385098825e-02 -3.513103475368062334e-02 -3.220963284186750819e-02 -3.264491254779677831e-02 -3.923307785647089929e-02 4.387611176310131020e-03 7.975618756628787692e-03 6.324824515219764146e-03 5.901831118890819676e-03
-2.236067977499999859e+00 8.000000000000000000e+00 -4.063734064276225411e-02 -3.814770946049339528e-02 -3.703289817180377419e-02 -3.162139880426018124e-02 -3.391891049431272620e-02 4.289226570875205764e-03 5.479471075612905341e-03 5.422698404763029618e-03 5.326125549403500255e-03
-2.000000000000000000e+00 4.000000000000000000e+00 -4.592241874023805792e-02 -3.511902366959063215e-02 -3.731120370021767663e-02 -3.949550265538448457e-02 -3.612275804654174749e-02 1.761888321423289109e-03 7.587950637057040357e-03 4.843665577664534733e-03 5.645253693316427089e-03
-1.902113032589999975e+00 8.000000000000000000e+00 -4.989818456112038447e-02 -4.379997885316555539e-02 -4.194344165117713796e-02 -4.520050714442724882e-02 -4.138583268481488275e-02 2.159231597981251926e-03 7.554647007456100245e-03 5.655344252618817007e-03 5.414016464701850578e-03
-1.793604493334999939e+00 8.000000000000000000e+00 -5.405287504192712866e-02 -4.263425355241601267e-02 -4.380423734859251184e-02 -4.311519239816874460e-02 -4.795435625637445298e-02 2.940801003336369641e-03 5.829208808147492288e-03 3.661292099816937720e-03 6.983549960119789582e-03
-1.618033988749999930e+00 8.000000000000000000e+00 -6.092145213533295411e-02 -4.557381392364945327e-02 -5.170718557378051194e-02 -4.832260880469618769e-02 -4.678529572743617138e-02 6.342279120336415457e-03 8.776171995050111030e-03 4.594025457725726090e-03 6.574497836790083732e-03
-1.381966011250000070e+00 4.000000000000000000e+00 -7.369653065346515319e-02 -5.519954338726495990e-02 -5.787545824640694114e-02 -6.279836462903531924e-02 -6.011435633135331358e-02 3.832104262931685778e-03 1.128112140308194442e-02 3.844434448386227325e-03 5.737117410867786753e-03
-1.284079043840000045e+00 8.000000000000000000e+00 3.586534547089847980e-02 4.894105133257448115e-02 3.456330134452428871e-02 2.867058712720804703e-02 3.034457260109313381e-02 1.855325785569595818e-03 3.618223689375808447e-03 1.855820221107939679e-03 3.877244678619962484e-03
-1.236067977500000081e+00 4.000000000000000000e+00 3.404413780015136393e-02 4.757530091325923305e-02 3.349283333156372056e-02 2.524226726449141367e-02 2.714517230922863789e-02 2.534290947263089823e-03 2.501288374975155042e-03 1.414977101625795007e-03 2.370357252001016862e-03
-1.175570504585000009e+00 8.000000000000000000e+00 3.241893588888455913e-02 4.460039143911659343e-02 3.105813813451568928e-02 2.657698866849189656e-02 2.763755087864527837e-02 2.153584161848339038e-03 2.236700520817192211e-03 3.201428787195495507e-03 4.562475620901257356e-03
-1.000000000000000000e+00 8.000000000000000000e+00 2.768884500074175747e-02 4.128792245197321353e-02 2.604945994779367391e-02 2.338499776821378884e-02 2.444948904195554107e-02 1.454277499467453204e-03 4.641579585009805199e-03 1.943043647828203825e-03 2.668592847662920771e-03
-8.244294954149999910e-01 4.000000000000000000e+00 2.315939993441262779e-02 3.493390104206028912e-02 1.739183677421929364e-02 1.959081668914675056e-02 2.191175834903580366e-02 4.535933758387369202e-03 2.249928535959371499e-03 1.203469299721528609e-03 2.020695999544259297e-03
-7.265425280049999657e-01 8.000000000000000000e+00 2.111576772499657029e-02 3.215361084735585129e-02 2.121883551094133624e-02 1.486589027918372441e-02 1.660134552558534260e-02 2.024751345422196470e-03 2.828084191887920290e-03 3.429106026771993818e-03 4.528779554120477072e-03
-6.180339887500000406e-01 8.000000000000000000e+00 1.951130874310380570e-02 3.066715606781528214e-02 1.592270725053940295e-02 1.743777283580161264e-02 1.689921081582390627e-02 3.304242294005944360e-03 5.877281936353992431e-03 2.853207166311649747e-03 2.798487476759782804e-03
-5.575365158349999684e-01 8.000000000000000000e+00 1.835952412935792921e-02 3.049536206494762869e-02 2.124499967300824688e-02 1.513404806457174789e-02 1.521631919987331827e-02 2.166946199605948413e-03 3.729500313623408236e-03 3.287459102163423075e-03 3.963864023068300844e-03
-4.424634841649999761e-01 8.000000000000000000e+00 1.743400334701505905e-02 2.901009819428790326e-02 1.720094774426778050e-02 1.431803291979116821e-02 1.439870076883065231e-02 9.833963646940853572e-04 6.255978865541378733e-03 2.539239458944408077e-03 6.978687852752021685e-03
-3.819660112500000149e-01 4.000000000000000000e+00 1.743946387496830841e-02 2.845795428444031216e-02 1.353982917065732483e-02 1.657465976677707786e-02 1.575831925293424973e-02 3.129078616243119015e-03 2.908346802603934723e-03 1.773210653620873462e-03 6.597158775983028370e-03
-2.840790438399999895e-01 8.000000000000000000e+00 1.637446257927543947e-02 2.637044809245719934e-02 1.881498673502207675e-02 1.565545140650159706e-02 1.504704613816687520e-02 2.838429190545276124e-03 3.410030164106554827e-03 2.439792973303152139e-03 4.390595779360214126e-03
-9.788696740999999757e-02 4.000000000000000000e+00 1.553445558594990228e-02 2.237974262387154578e-02 1.431810465108818153e-02 1.358653757798644612e-02 1.176959379256548033e-02 4.668674159481410978e-03 1.891096648304804902e-03 3.601068998581760053e-03 4.926054820057994624e-03
0.000000000000000000e+00 3.800000000000000000e+01 1.478832632504756273e-02 2.102437452516830660e-02 1.392986359567159257e-02 1.203634184462343271e-02 1.302375991584167440e-02 3.183546427076623837e-03 4.573502953164262051e-03 3.057617813989212726e-03 4.178063575669509547e-03
9.788696740999999757e-02 4.000000000000000000e+00 1.454028829085274310e-02 1.916528094496960932e-02 1.465766105253563101e-02 1.325588277324429853e-02 1.396779918377832885e-02 3.346700436297342200e-03 3.139906540327995921e-03 1.512345867701116913e-03 2.723057636286789832e-03
2.840790438399999895e-01 8.000000000000000000e+00 1.314485800587417152e-02 2.017930033686049507e-02 1.366827238558215862e-02 1.288042375639508741e-02 1.144030282354546735e-02 2.078568272771018268e-03 8.065988989376429372e-03 2.346376853832919575e-03 5.367734236006087810e-03
3.819660112500000149e-01 4.000000000000000000e+00 1.308962604066543634e-02 1.610073684085500112e-02 1.288526040066184652e-02 1.096628608194261112e-02 1.149064267430555120e-02 3.412960614697749338e-03 3.175965247320774315e-03 2.609349341195498460e-03 5.331519821574372611e-03
4.424634841649999761e-01 8.000000000000000000e+00 1.184254344225388333e-02 1.756903164050865884e-02 1.072938882378193792e-02 1.004610559861007779e-02 8.206474858662993199e-03 1.526534510721855829e-03 3.601209979686154430e-03 2.811509950696983173e-03 4.620144007603754939e-03
5.575365158349999684e-01 8.000000000000000000e+00 1.131043986229540721e-02 1.488729327111221190e-02 8.831820523576006110e-03 9.171690147669053772e-03 8.702836937324320843e-03 1.680306795352863765e-03 6.681919640042449302e-03 2.363552959111069312e-03 2.209892057048415664e-03
6.180339887500000406e-01 8.000000000000000000e+00 1.144738938756573177e-02 1.266311292617916529e-02 9.421615513963699229e-03 1.000126314419091944e-02 8.859753492407307363e-03 3.541615574389924206e-03 3.443978712155469461e-03 2.858760353276022705e-03 4.564993686735040190e-03
7.265425280049999657e-01 8.000000000000000000e+00 1.089061325250662016e-02 1.193628359851522935e-02 1.183893890488868506e-02 9.393775519006553054e-03 9.196617360290870735e-03 3.467180507274158271e-03 3.066456493401434683e-03 2.954309677219384318e-03 6.075512697828349719e-03
8.244294954149999910e-01 4.000000000000000000e+00 1.040743952167855202e-02 1.131614151113724542e-02 1.442265007438991997e-02 1.141396165919572603e-02 6.943370659817649226e-03 2.727989594342319392e-03 7.897411431223314016e-03 4.521889661384675616e-03 5.894295761370470926e-03
1.000000000000000000e+00 8.000000000000000000e+00 9.649768401639335913e-03 8.926161069121529845e-03 9.106289903620112813e-03 1.096837597736044501e-02 1.151967539134157725e-02 1.680336869063984127e-03 3.833934772208199074e-03 1.694608162204804501e-03 2.378492690733890504e-03
1.175570504585000009e+00 8.000000000000000000e+00 9.084219095583989656e-03 7.653432841918828000e-03 7.513182419797426181e-03 7.684898686916019628e-03 1.079489506303210611e-02 4.213565635774541365e-03 4.743767913007524914e-03 4.237832510100961875e-03 3.169818568253160267e-03
1.236067977500000081e+00 4.000000000000000000e+00 8.894856724500854739e-03 7.926541051491819978e-03 1.121158978011294050e-02 1.083649204794423504e-02 8.652613099902062288e-03 1.665963559474945227e-03 1.442445576653052881e-03 1.801863818313850828e-03 4.126084091133695557e-03
1.284079043840000045e+00 8.000000000000000000e+00 8.691596546586799477e-03 1.047323828041601956e-02 7.641965237459857896e-03 7.963508165320654086e-03 7.305112288885640126e-03 4.639352459611656258e-03 4.394873667576400939e-03 2.263747624846192564e-03 6.293056243693715378e-03
1.381966011250000070e+00 4.000000000000000000e+00 8.438860593388386455e-03 9.069466213146637479e-03 1.098228424379010804e-02 5.451246641358098444e-03 5.541495903205184703e-03 2.698919778338434213e-03 3.533736262650228818e-03 2.103657358754177070e-03 4.186084201663156298e-03
1.618033988749999930e+00 8.000000000000000000e+00 7.836598307467856905e-03 6.666740122009906511e-03 3.449503846986445854e-03 8.315785769963390806e-03 5.104309758807712427e-03 2.318200761939992732e-03 5.571198858709960205e-03 2.198335696117887338e-03 4.914344393340930317e-03
1.793604493334999939e+00 8.000000000000000000e+00 7.335286713682775961e-03 4.960838294730263165e-03 4.914621943381547453e-03 6.638682684712016169e-03 6.326341275952884757e-03 2.866015894242938348e-03 5.063466265038484189e-03 3.726980254900862533e-03 2.882400558523951287e-03
1.902113032589999975e+00 8.000000000000000000e+00 7.385421780832235328e-03 4.992907442451455235e-03 6.911799117657879687e-03 5.309292370375695569e-03 6.167058856448859316e-03 2.214671377125011862e-03 5.563959718804517909e-03 2.523160693570833564e-03 4.426488237709414776e-03
2.000000000000000000e+00 4.000000000000000000e+00 7.265705769848751494e-03 1.970213046105007137e-03 6.753884784109764894e-03 9.267647770450082589e-03 6.618815452275050859e-03 3.659729848843890597e-03 4.407273208586849796e-03 1.260279429561603085e-03 5.639909267348433564e-03
2.236067977499999859e+00 8.000000000000000000e+00 6.664053822878046596e-03 2.727779415493902793e-03 4.641021860350424966e-03 6.711206495496613300e-03 4.800724798276201355e-03 3.190823181508442574e-03 4.897541401350765169e-03 1.958493676722187788e-03 3.076413210626807726e-03
2.351141009170000018e+00 4.000000000000000000e+00 6.423462547398672839e-03 2.377843713868177389e-03 6.492361943891689080e-03 6.650429976712279867e-03 7.263726273187831595e-03 1.504430008953457076e-03 3.353990951151296449e-03 4.372209255041643351e-03 2.492581276908531051e-03
2.520147021340000126e+00 8.000000000000000000e+00 6.254268599168333331e-03 3.416566500263340522e-04 3.768748350707895600e-03 6.194686343558020170e-03 6.018293269988150840e-03 1.880681496074806166e-03 4.862558639902185391e-03 1.394634227987652910e-03 3.184237807925791724e-03
2.618033988750000152e+00 4.000000000000000000e+00 6.090774928206976746e-03 -2.997448781370426474e-03 3.127455491589437031e-03 6.079891594695796542e-03 8.040990101376710442e-03 3.452538226019779936e-03 3.902817662641920333e-03 3.002238577120316335e-03 6.188509984000026450e-03
2.793604493335000161e+00 8.000000000000000000e+00 5.835362731487214738e-03 -3.701542682312264354e-04 4.603839458208747182e-03 6.022038912453786530e-03 4.628919588911539762e-03 3.663025603503442841e-03 2.605166322099685804e-03 3.370025909496704962e-03 4.743767036271176463e-03
3.077683537174999984e+00 8.000000000000000000e+00 5.488800889434708452e-03 -2.580424025604488580e-03 4.286411125774547415e-03 4.389679565874882172e-03 4.295865240283580633e-03 4.258151274217894869e-03 6.593631091114059845e-03 3.079840267995590485e-03 4.198615562021238735e-03
3.175570504585000009e+00 4.000000000000000000e+00 5.395939893378831620e-03 -6.159910216706476760e-04 5.488930313630180358e-03 6.548152499163961693e-03 2.279889204204188502e-03 3.401116586665144884e-03 5.566962164005821896e-03 1.484092455516494106e-03 3.663258530283839808e-03
3.236067977499999859e+00 4.000000000000000000e+00 5.339390268727317590e-03 -5.280207718361573654e-03 3.122869486305579478e-03 2.703131689879567645e-03 4.353750718555371435e-03 4.039634217312217113e-03 3.494402298049943418e-03 1.898532764606482163e-03 3.411999043466649312e-03
3.520147021340000126e+00 8.000000000000000000e+00 5.171367921647962440e-03 -6.685085283229086350e-03 7.177404909248508158e-03 3.696316853391001800e-03 5.503827577024722473e-03 2.609778110300628971e-03 6.213389396687318128e-03 2.707383614043889792e-03 4.487858583286989840e-03
3.618033988750000152e+00 4.000000000000000000e+00 5.122412386675989637e-03 -9.072535961326622100e-03 -2.186237668977963899e-03 5.482959145680643687e-03 6.214430879780685757e-03 2.860682511770629589e-03 4.019820148803599121e-03 1.665612751950307268e-03 6.218068089537540782e-03
3.804226065181000038e+00 4.000000000000000000e+00 4.972828378389526627e-03 -9.435247049943251696e-03 -8.171100378623341598e-04 5.938338249544816705e-03 4.885848538804804519e-03 2.078460968439305168e-03 1.350074412182212993e-03 2.554251958271873749e-03 2.932086543794283889e-03
3.902113032589999975e+00 4.000000000000000000e+00 4.869526771034360380e-03 -1.456242452325451353e-02 3.355510515329895860e-03 5.156927942795430653e-03 7.232804575652007628e-03 2.200017221898171137e-03 1.204824548537224062e-03 1.854003893454240397e-03 3.247284760935809176e-03
4.000000000000000000e+00 1.000000000000000000e+00 4.789471977034609473e-03 -1.161504038408089912e-02 -6.101049576261452501e-03 5.492176476584731404e-03 7.450416357412947832e-03 0.000000000000000000e+00 0.000000000000000000e+00 0.000000000000000000e+00 0.000000000000000000e+00
