# (rescaled) occupation numbers for U = 5e-1, time = 10
# N_rep = 70000  (N = 2), 33800  (N = 10), 80000  (N = 100), 39860  (N = 1000)
# single-particle en | degeneracy | perturb. th. | N U^{-2} mean ( N = 2 / 10 / 100 / 1000 ) | error ( N = 2 / 10 / 100 / 1000 )
-4.000000000000000000e+00 1.000000000000000000e+00 -2.197039564244684939e-02 -2.105861943444988782e-01 -6.776464748428079332e-02 -1.767627545459227179e-02 -1.748705248960646941e-02 0.000000000000000000e+00 0.000000000000000000e+00 0.000000000000000000e+00 0.000000000000000000e+00
-3.902113032589999975e+00 4.000000000000000000e+00 -2.248487554997824489e-02 -2.495142222892399175e-01 -1.077958603772755097e-01 -2.908785415765002824e-02 -3.101099930891138001e-02 1.484696812422340619e-02 2.108028097996670486e-02 8.923981757687533475e-03 4.016052214946632531e-03
-3.804226065181000038e+00 4.000000000000000000e+00 -2.256823038547683957e-02 -2.471642593522744846e-01 -9.897589992237776357e-02 -3.182550354843272089e-02 -2.276853898197650494e-02 3.314325976622679772e-03 2.122900011513342497e-02 6.179894333656266690e-03 8.842137982172124794e-03
-3.618033988750000152e+00 4.000000000000000000e+00 -2.437366271034391296e-02 -2.649308486723036538e-01 -8.009777129353023994e-02 -1.877349731533861643e-02 -1.167134022339588739e-02 8.903010060193606440e-03 1.489015593143780229e-02 5.769812195184961974e-03 1.329999556592784127e-02
-3.520147021340000126e+00 8.000000000000000000e+00 -2.545219276173593670e-02 -2.863213307350997994e-01 -1.008161951034974857e-01 -3.592203635185420296e-02 -2.959835659105403138e-02 5.669466654691188157e-03 2.620948366159926712e-02 1.593810996554696421e-02 2.438437893927484709e-02
-3.236067977499999859e+00 4.000000000000000000e+00 -2.771670589036245858e-02 -3.673814835328421680e-01 -1.369799493950607516e-01 -4.214818774079809316e-02 -2.041023751164772193e-02 1.401394470849381090e-02 1.422177832283086536e-02 5.313448558214800901e-03 1.993925600531002568e-02
-3.175570504585000009e+00 4.000000000000000000e+00 -2.788971886111668574e-02 -2.785045061461701721e-01 -9.158932167256716994e-02 -3.413622029637686239e-02 -1.854255600652887637e-02 4.642734545881249848e-03 8.537662666580500548e-03 7.261294315648042161e-03 3.215847314555353442e-02
-3.077683537174999984e+00 8.000000000000000000e+00 -2.866103522887009092e-02 -3.201999689677093031e-01 -1.117773182921083519e-01 -3.369233969019447272e-02 -1.956831228505651055e-02 9.309190788376706105e-03 1.594171067867536373e-02 1.465645377388103895e-02 1.716903595502188365e-02
-2.793604493335000161e+00 8.000000000000000000e+00 -3.267538166013106427e-02 -4.218484830017832365e-01 -1.453110063010260022e-01 -4.481182577409370538e-02 -3.605619412971883264e-02 1.180806382010530543e-02 8.140372686764858409e-03 1.551917706768130012e-02 1.503240784970636366e-02
-2.618033988750000152e+00 4.000000000000000000e+00 -3.535339175507812293e-02 -3.473118552546203830e-01 -1.244168753987573428e-01 -5.040537407037248840e-02 -3.938481949283811900e-02 4.558498775176269766e-03 1.908185883830304519e-02 1.455598205377526232e-02 1.918643387461650696e-02
-2.520147021340000126e+00 8.000000000000000000e+00 -3.521078456006088153e-02 -3.669526963072620163e-01 -1.289475067688539145e-01 -4.209824853962373936e-02 -4.104279769445717818e-02 8.961975904279408794e-03 2.126816415682740435e-02 1.505289475957122779e-02 1.835645724028363637e-02
-2.351141009170000018e+00 4.000000000000000000e+00 -3.971221917093181730e-02 -4.697539070736391764e-01 -1.739464172444471490e-01 -4.998955445119079855e-02 -4.979122194626039999e-02 6.356744160154738539e-03 2.666933169525965291e-02 8.383857958309677907e-03 6.002375605856200176e-03
-2.236067977499999859e+00 8.000000000000000000e+00 -4.071648891745494048e-02 -4.667847576160388812e-01 -1.630242445080237745e-01 -4.018853420384438380e-02 -2.962108146187247826e-02 7.503045147716804787e-03 1.907025465074849505e-02 1.251892782269752209e-02 1.787844086647168151e-02
-2.000000000000000000e+00 4.000000000000000000e+00 -4.636294864173473584e-02 -4.534987880628396084e-01 -1.442589382523540298e-01 -5.321673294185202963e-02 -4.089048551780827268e-02 5.323224466356829554e-03 1.277958722048712532e-02 9.446180065349378888e-03 2.014227260897912333e-02
-1.902113032589999975e+00 8.000000000000000000e+00 -4.737575296883789200e-02 -4.575346863005105291e-01 -1.507302819019906703e-01 -5.787708229281207650e-02 -3.630046224889493800e-02 8.239081955758988107e-03 1.505718991282066661e-02 1.449402857764922614e-02 1.465993020232355531e-02
-1.793604493334999939e+00 8.000000000000000000e+00 -5.113022134375988514e-02 -5.091219023180935110e-01 -1.702006016036750058e-01 -5.190315382366250674e-02 -4.611704122309268072e-02 6.902275557957553674e-03 1.382302710355883847e-02 1.164556417080679293e-02 1.816697916853347514e-02
-1.618033988749999930e+00 8.000000000000000000e+00 -5.831555585669923047e-02 -5.404877166786885567e-01 -1.849624883361167260e-01 -5.521796244329912895e-02 -3.734965962554070984e-02 8.139279786226139013e-03 1.526314970594269682e-02 1.243469601410018138e-02 1.776920476721356029e-02
-1.381966011250000070e+00 4.000000000000000000e+00 -9.462877704469718765e-02 -6.518440693901279559e-01 -2.325370647404501057e-01 -9.570214761636108847e-02 -7.619958465998610819e-02 6.392079406532202163e-03 2.152574784785827797e-02 1.499627762077129951e-02 1.321714587374976137e-02
-1.284079043840000045e+00 8.000000000000000000e+00 3.766802789505852012e-02 5.945184631696680544e-01 1.914983061562694489e-01 4.433463548633442830e-02 3.350268804822031932e-02 7.418292341930746679e-03 7.625836041145972466e-03 3.570797417619594408e-03 6.170675250789110430e-03
-1.236067977500000081e+00 4.000000000000000000e+00 3.773313163414393490e-02 5.748399886189020647e-01 1.855393609964056667e-01 4.322531918746763679e-02 3.105303264971936983e-02 2.397508503006425158e-03 3.986227080727574104e-03 1.890533410478149315e-03 4.984112624430560821e-03
-1.175570504585000009e+00 8.000000000000000000e+00 3.075198158322745012e-02 5.543885727863064883e-01 1.760756651697606423e-01 3.849842993854935003e-02 2.446557072965926949e-02 6.466200331229131869e-03 5.861547749822129671e-03 6.044105732870774621e-03 9.047152515718054344e-03
-1.000000000000000000e+00 8.000000000000000000e+00 2.455152445727193378e-02 5.098637007395692144e-01 1.621663187795219230e-01 3.633478729568317966e-02 2.859823687134666059e-02 6.675268390966664252e-03 1.009186099299940430e-02 4.261041765360326465e-03 5.596391749463273599e-03
-8.244294954149999910e-01 4.000000000000000000e+00 2.271817285378552320e-02 4.785397427955249139e-01 1.450674258434769825e-01 3.292485224459795745e-02 1.921483282241176482e-02 9.526347673226446058e-03 6.736399579765023002e-03 1.022101448128356384e-02 2.451333398170363418e-03
-7.265425280049999657e-01 8.000000000000000000e+00 2.118874169372941818e-02 4.426177703948193654e-01 1.350865346929761013e-01 2.526678182702690734e-02 1.657291721893217051e-02 8.038081592744068110e-03 9.071184598150167783e-03 5.874866275980131398e-03 4.938600662837118113e-03
-6.180339887500000406e-01 8.000000000000000000e+00 2.014053115502434377e-02 4.169991773076262009e-01 1.256672042826573188e-01 2.850106067361912743e-02 1.719522028065245678e-02 6.270566984077580695e-03 8.720873711733505979e-03 4.566956318923638854e-03 7.501754554719653259e-03
-5.575365158349999684e-01 8.000000000000000000e+00 1.852986007146451009e-02 4.010349171969160853e-01 1.258291506277636751e-01 2.916413928784888920e-02 1.593840743080443545e-02 7.994757451998896550e-03 1.127429657166018062e-02 9.588756991592875881e-03 7.226418161919515200e-03
-4.424634841649999761e-01 8.000000000000000000e+00 1.797708271344233832e-02 3.873509595714796361e-01 1.216633757588134190e-01 2.542774895190613726e-02 1.028570716948840058e-02 6.093241961428745752e-03 1.001475633630601221e-02 5.410429300984250997e-03 1.292892652932106992e-02
-3.819660112500000149e-01 4.000000000000000000e+00 1.864469985425065701e-02 3.824197440452974384e-01 1.216632499147213275e-01 3.029951215353654526e-02 1.881050274710194259e-02 5.236310166949703290e-03 4.459470555972518992e-03 3.173824535863046647e-03 1.486273195452225172e-02
-2.840790438399999895e-01 8.000000000000000000e+00 1.725261583475279359e-02 3.584948821379945194e-01 1.140361166457748432e-01 2.690716911183110849e-02 1.431297750528748303e-02 3.472588374410067163e-03 7.670695527144674210e-03 4.983867991985542652e-03 1.044890048341020651e-02
-9.788696740999999757e-02 4.000000000000000000e+00 1.555109482799077458e-02 3.377946326287923906e-01 1.090505914060280190e-01 2.369741609136721827e-02 8.661273416588066709e-03 3.242741493368872605e-03 3.098684266044509326e-03 6.429805930250487127e-03 1.609726028880561349e-02
0.000000000000000000e+00 3.800000000000000000e+01 1.541532792278188513e-02 2.950206851995302859e-01 9.732780125422323125e-02 2.140602900365895858e-02 1.505360549816793861e-02 1.879937091712223507e-02 1.680206452583584906e-02 9.063493209940430215e-03 1.132641544802564897e-02
9.788696740999999757e-02 4.000000000000000000e+00 1.491310511022225782e-02 3.086056829439185467e-01 9.945403271862829353e-02 2.390943108933618610e-02 2.007230473555221550e-02 2.659279821768052981e-03 9.189951009613679667e-03 4.939245799891906277e-03 8.739820696226729621e-03
2.840790438399999895e-01 8.000000000000000000e+00 1.277479730091790611e-02 2.650234935512310042e-01 8.331657393676111800e-02 1.994039294870297852e-02 1.546529296556076183e-02 4.321777278694620070e-03 1.993622373885548318e-02 7.538416361421204637e-03 8.727440941103862745e-03
3.819660112500000149e-01 4.000000000000000000e+00 1.263690610536538639e-02 2.502573168996699016e-01 8.535643416409888218e-02 1.616852163165982681e-02 7.786292232525582335e-03 1.106374942176045414e-02 1.192283279974373431e-02 7.763528693866909684e-03 2.241537814313318902e-02
4.424634841649999761e-01 8.000000000000000000e+00 1.244923473018388904e-02 2.079679036385044810e-01 7.304482403958006964e-02 1.176325152877910618e-02 1.040644164296278262e-02 5.324248444794897270e-03 9.994787833712982100e-03 8.528150381042336539e-03 7.046204098057346453e-03
5.575365158349999684e-01 8.000000000000000000e+00 1.120183229584681417e-02 1.645721742791383946e-01 5.208532704964574656e-02 1.724644318288615086e-02 5.036209489217569057e-03 6.991337024225162920e-03 1.102696854150787657e-02 1.406107020990031431e-02 8.500420853555325229e-03
6.180339887500000406e-01 8.000000000000000000e+00 1.095212275362300591e-02 1.443750255956274264e-01 4.611744319568927830e-02 1.212635771638825855e-02 4.251126570070651312e-03 5.712550623408370332e-03 9.757262806238982747e-03 4.963510343386854512e-03 1.176971673959888512e-02
7.265425280049999657e-01 8.000000000000000000e+00 1.045599237044625429e-02 1.758018637473686696e-01 5.833463163571500631e-02 1.643024020966943333e-02 1.278559729575579063e-02 6.339086289237034350e-03 9.090025474433575600e-03 6.048211877110281492e-03 1.422846266768762295e-02
8.244294954149999910e-01 4.000000000000000000e+00 1.043778686631002817e-02 1.497046967399811024e-01 6.272479797393704093e-02 1.725206567355086484e-02 7.117204994189219036e-03 3.035364141660346245e-03 1.029799954477688372e-02 3.156390550569484338e-03 1.316229397032898409e-02
1.000000000000000000e+00 8.000000000000000000e+00 9.774602839574098034e-03 9.729592101605744059e-02 3.100693821660838179e-02 1.618166212862814923e-02 2.206255624151443051e-02 6.434013210267784666e-03 9.516280824628905316e-03 5.525920238268735608e-03 1.103312787987470282e-02
1.175570504585000009e+00 8.000000000000000000e+00 8.898490512810441899e-03 3.941786202470670686e-02 1.610594185726343941e-02 8.913420008577199738e-03 5.210796166776887617e-03 6.963954233088528144e-03 1.033596772997773770e-02 7.093638732246232599e-03 1.127663158972076404e-02
1.236067977500000081e+00 4.000000000000000000e+00 8.929708438423222816e-03 2.139356293968808220e-02 1.907940319927692308e-02 1.270625704443695270e-02 6.652676948548652547e-03 6.955873625276227067e-03 1.044590770879703402e-02 6.237327532056710297e-03 3.388049914981307916e-03
1.284079043840000045e+00 8.000000000000000000e+00 8.835060597322641485e-03 5.671277409061276087e-02 2.561662509905276996e-02 1.367457404467253834e-02 6.266532882742703592e-03 5.016561339243959423e-03 9.994504637418247933e-03 8.195374769846089716e-03 7.761569647714352052e-03
1.381966011250000070e+00 4.000000000000000000e+00 8.819255022242011854e-03 3.345525083458700255e-02 2.412236420872293508e-02 8.901241800585157904e-03 4.258106272025941053e-03 8.175557003951885657e-03 4.639256214668230696e-03 9.044906951391810945e-03 9.545566898047672805e-03
1.618033988749999930e+00 8.000000000000000000e+00 7.984507837109466877e-03 -2.567736688007926649e-02 -4.816026205140544469e-03 1.144054982079312222e-02 8.946234989537504845e-03 4.143249903811801332e-03 6.816397200326913992e-03 5.602919614414518870e-03 1.407478846920269533e-02
1.793604493334999939e+00 8.000000000000000000e+00 7.391090850072057350e-03 -8.180739031978978559e-02 -1.947373213037562056e-02 5.681506968965854831e-03 4.914419558160743051e-03 4.453149618616716009e-03 8.498437430826115413e-03 1.011238301490607894e-02 6.067971811355180219e-03
1.902113032589999975e+00 8.000000000000000000e+00 7.290649572345486717e-03 -6.331945520994541887e-02 -3.664199408226764820e-03 2.138206837148937112e-03 5.668863542779289943e-03 7.509243660521082789e-03 1.352689493229496977e-02 7.468569392347573256e-03 9.355734115365733558e-03
2.000000000000000000e+00 4.000000000000000000e+00 7.535137510355505164e-03 -7.654952382886892615e-02 -1.571104768263054119e-02 3.711533272887646007e-03 5.615320115337496532e-03 5.624726989711533245e-03 2.946125953780981237e-03 7.896033490469760510e-03 5.121413289478181884e-03
2.236067977499999859e+00 8.000000000000000000e+00 6.835351192458816172e-03 -1.422900425264702617e-01 -3.801389787361053596e-02 2.742268125782709731e-03 4.724600486671892696e-03 6.101884406628499229e-03 1.051440261401536194e-02 6.178181765634538011e-03 8.639814744346666769e-03
2.351141009170000018e+00 4.000000000000000000e+00 6.717080234704297936e-03 -1.778736022707168019e-01 -5.123224320521480024e-02 3.537330817704464891e-03 3.483765413647699205e-03 5.829431712693379508e-03 7.761733428279104716e-03 5.343037150309756962e-03 1.078891363856479199e-02
2.520147021340000126e+00 8.000000000000000000e+00 6.212601152771779489e-03 -1.750156298476504002e-01 -4.985094424566183235e-02 -1.104286643160978798e-03 8.300915465692115802e-03 7.501586355706089775e-03 8.027110148020323924e-03 9.983761130680158385e-03 6.742659430660469765e-03
2.618033988750000152e+00 4.000000000000000000e+00 6.376647774273047631e-03 -1.844898195118713780e-01 -5.186902162734319255e-02 2.765564442952506141e-03 7.226500458923368342e-03 3.731075587379418905e-03 1.114729549840234174e-02 1.031480879088145924e-02 1.367801058660105852e-02
2.793604493335000161e+00 8.000000000000000000e+00 5.904108340840097391e-03 -2.359386137341251688e-01 -7.104684328591071019e-02 -2.963159240784718484e-03 1.289629766365596453e-03 6.309860828248219609e-03 1.217715950596599990e-02 9.392465893106452524e-03 1.576450284886840927e-02
3.077683537174999984e+00 8.000000000000000000e+00 5.515687513013345367e-03 -2.640207211186414993e-01 -6.939575382727547481e-02 -4.309912552583061718e-03 2.604641822612219215e-03 1.096925016371699813e-02 1.287784398732105644e-02 8.720669695331939933e-03 1.458445564877521548e-02
3.175570504585000009e+00 4.000000000000000000e+00 5.270784066611411411e-03 -2.705814231156800087e-01 -7.864075513947854645e-02 -8.272071969323002705e-03 -2.024756644236624936e-03 4.926251747676914719e-03 8.698041742183833594e-03 1.345595916085109631e-02 1.030449836419294364e-02
3.236067977499999859e+00 4.000000000000000000e+00 5.306719365768652885e-03 -3.007414469777243138e-01 -8.324762358259407691e-02 -6.615989676084232940e-03 5.780487743911599807e-03 6.315321738276113463e-03 4.760740051169335546e-03 6.353424494172961109e-03 6.803641856568414317e-03
3.520147021340000126e+00 8.000000000000000000e+00 5.108674424466941311e-03 -3.334010788508884326e-01 -9.098978343263619539e-02 -5.571244580096501586e-03 -3.002582892652760904e-03 6.383272969870125782e-03 1.459936859107571934e-02 7.341383976421020363e-03 1.122173321994678064e-02
3.618033988750000152e+00 4.000000000000000000e+00 4.906666655030034185e-03 -3.409353196697033628e-01 -1.020884789066756060e-01 -3.320655050620402449e-03 8.821565189442992505e-03 1.014898924302338502e-02 1.462862496351899702e-02 8.571095699061788420e-03 5.137809312647847841e-03
3.804226065181000038e+00 4.000000000000000000e+00 4.725143722187130635e-03 -3.663742798905895715e-01 -1.081109108368172311e-01 -1.091804877378921290e-02 8.311528224336228732e-03 4.941195676294754362e-03 1.276690518949411338e-02 7.685008741254131109e-03 1.053480345374672479e-02
3.902113032589999975e+00 4.000000000000000000e+00 4.811638164352483038e-03 -3.936419228780299040e-01 -1.160879287257621240e-01 -1.426067486174353860e-02 7.809897922150810246e-03 6.524066019941693502e-03 1.483429061136418842e-02 6.582462567156525599e-03 1.312892828714662397e-02
4.000000000000000000e+00 1.000000000000000000e+00 4.688440492153000960e-03 -3.895861720302828957e-01 -1.256192412047241191e-01 -1.388967811610797298e-02 1.233427101898776357e-02 0.000000000000000000e+00 0.000000000000000000e+00 0.000000000000000000e+00 0.000000000000000000e+00
