# time	p th	2	10	100	1000
0.000000000000000000e+00 0.000000000000000000e+00 0.000000000000000000e+00 0.000000000000000000e+00 0.000000000000000000e+00 0.000000000000000000e+00
5.000000000000000278e-02 -1.453160337213432740e-03 -1.575922268242102575e-03 -1.550295818470992515e-03 -1.460401330533045439e-03 -1.304597542883811911e-03
1.000000000000000056e-01 -5.664644444597355388e-03 -5.889786141930919428e-03 -5.885804176366526974e-03 -5.610374367570614140e-03 -5.303466843020743227e-03
1.500000000000000222e-01 -1.221284514862275294e-02 -1.248465144328392284e-02 -1.249715356534064625e-02 -1.196335082838118069e-02 -1.154096954536498743e-02
2.000000000000000111e-01 -2.046545504068153498e-02 -2.067372634472253168e-02 -2.064711354684334310e-02 -1.980990778411850783e-02 -1.933191538405765186e-02
2.500000000000000000e-01 -2.967110974518805122e-02 -2.964387975250115659e-02 -2.948856925755638514e-02 -2.833427748902828114e-02 -2.787175888974147142e-02
3.000000000000000444e-01 -3.906297973844807814e-02 -3.857340096898642656e-02 -3.819227046930162572e-02 -3.674031502125529869e-02 -3.635950432201440208e-02
3.500000000000000333e-01 -4.795611396832999418e-02 -4.674280138609798740e-02 -4.605994591720286024e-02 -4.436216399690273704e-02 -4.410934576881686553e-02
4.000000000000000222e-01 -5.582267696938791879e-02 -5.361999507856030078e-02 -5.260330242705002490e-02 -5.074004026788259125e-02 -5.063117129200378486e-02
4.500000000000000111e-01 -6.233461763403713718e-02 -5.890728137881318105e-02 -5.757831497970933299e-02 -5.565082249701092110e-02 -5.566835749171161751e-02
5.000000000000000000e-01 -6.737040458874643534e-02 -6.254570658885594270e-02 -6.097456352359476028e-02 -5.909386176470299290e-02 -5.919140150201229744e-02
5.500000000000000444e-01 -7.098959373870927791e-02 -6.468081899221544973e-02 -6.296852657999618685e-02 -6.124181219782087737e-02 -6.135523919859053876e-02
6.000000000000000888e-01 -7.338459988478684970e-02 -6.560080952714031355e-02 -6.385564015805034188e-02 -6.237218661029331201e-02 -6.243442219666661686e-02
6.500000000000000222e-01 -7.482204479606102687e-02 -6.566215987064172310e-02 -6.397762617286861797e-02 -6.279676014058210853e-02 -6.275253501275557255e-02
7.000000000000000666e-01 -7.558607027507968645e-02 -6.521845818166216446e-02 -6.365936984005227117e-02 -6.280317860878348313e-02 -6.262039799143082064e-02
7.500000000000000000e-01 -7.593339566908596794e-02 -6.456513024356791419e-02 -6.316471761280251229e-02 -6.261751595122433400e-02 -6.229281623948423885e-02
8.000000000000000444e-01 -7.606560686723518039e-02 -6.390750254017696363e-02 -6.267465652104231566e-02 -6.238993615421684069e-02 -6.194757140143281049e-02
8.500000000000000888e-01 -7.611942219477363381e-02 -6.335346001181907383e-02 -6.228600908922299340e-02 -6.219986648288156061e-02 -6.168471947631815056e-02
9.000000000000000222e-01 -7.617167595998841634e-02 -6.292658508922688299e-02 -6.202513625949812592e-02 -6.207346746425201900e-02 -6.154033685668025555e-02
9.500000000000000666e-01 -7.625333524026656207e-02 -6.259217808746520006e-02 -6.186962589323385941e-02 -6.200519377066449067e-02 -6.150724501940985078e-02
1.000000000000000000e+00 -7.636634241374018472e-02 -6.228739782618308851e-02 -6.177137561033330115e-02 -6.197659773770070046e-02 -6.155582787892299734e-02
1.050000000000000044e+00 -7.649823776746278448e-02 -6.194777646094262735e-02 -6.167624003474259098e-02 -6.196838021863548818e-02 -6.165018163972746379e-02
1.100000000000000089e+00 -7.663173367033193628e-02 -6.152499309091385982e-02 -6.153771516054007407e-02 -6.196494516328421298e-02 -6.175759527016211337e-02
1.150000000000000133e+00 -7.674886787828438806e-02 -6.099419778897363642e-02 -6.132426690796943802e-02 -6.195336365584225291e-02 -6.185187341056774812e-02
1.200000000000000178e+00 -7.683130667649695766e-02 -6.035239355848975862e-02 -6.102141395838867055e-02 -6.192005180638560091e-02 -6.191266145538776300e-02
1.250000000000000000e+00 -7.685931542330282085e-02 -5.961155235572412892e-02 -6.063037797793935368e-02 -6.184843978953580290e-02 -6.192345910616126048e-02
1.300000000000000044e+00 -7.681175332285716806e-02 -5.879078435132356617e-02 -6.016509284826110360e-02 -6.171972867501374083e-02 -6.187051993755687818e-02
1.350000000000000089e+00 -7.666842521250738507e-02 -5.791103016755094757e-02 -5.964884766480604839e-02 -6.151707247075144380e-02 -6.174370251166294565e-02
1.400000000000000133e+00 -7.641471659692156138e-02 -5.699387960920621055e-02 -5.911112560971432117e-02 -6.123185341122550085e-02 -6.153905377237478547e-02
1.450000000000000178e+00 -7.604719016569250201e-02 -5.606396109988764920e-02 -5.858459322839237871e-02 -6.086969148353382764e-02 -6.126192235678118436e-02
1.500000000000000000e+00 -7.557815882667129337e-02 -5.515265271557279192e-02 -5.810192104747091690e-02 -6.045373018226385398e-02 -6.092901125720473487e-02
1.550000000000000044e+00 -7.503736173937225473e-02 -5.430023024688157562e-02 -5.769225598703631164e-02 -6.002353347200894973e-02 -6.056805389942354623e-02
1.600000000000000089e+00 -7.446967305294216466e-02 -5.355421593519693602e-02 -5.737760403916158936e-02 -5.962930181233616622e-02 -6.021458119587208557e-02
1.650000000000000133e+00 -7.392896414506244795e-02 -5.296335435270460579e-02 -5.716984863891827473e-02 -5.932259977550202734e-02 -5.990623366258773785e-02
1.700000000000000178e+00 -7.346941001027262885e-02 -5.256862031432074644e-02 -5.706932938598363592e-02 -5.914591072695429830e-02 -5.967591257993731801e-02
1.750000000000000000e+00 -7.313630305389140496e-02 -5.239411943217486822e-02 -5.706567007709661965e-02 -5.912375324879093341e-02 -5.954547922026875995e-02
1.800000000000000044e+00 -7.295858607911975824e-02 -5.244106925828173615e-02 -5.714092855048757968e-02 -5.925769102903544194e-02 -5.952158046618194476e-02
1.850000000000000089e+00 -7.294482279087977084e-02 -5.268712228245675533e-02 -5.727438925865246944e-02 -5.952647590792281562e-02 -5.959456916659888748e-02
1.900000000000000133e+00 -7.308336937094050967e-02 -5.309149102322852087e-02 -5.744774121255513677e-02 -5.989112519428907433e-02 -5.974061956992571254e-02
1.950000000000000178e+00 -7.334640272524839411e-02 -5.360437447513088927e-02 -5.764920543131157871e-02 -6.030339577356436109e-02 -5.992630395734721560e-02
2.000000000000000000e+00 -7.369653065346515319e-02 -5.417781861667325671e-02 -5.787545824635920155e-02 -6.071528772157996912e-02 -6.011435632657935457e-02
2.050000000000000266e+00 -7.409420700993485376e-02 -5.477485109008650710e-02 -5.813083662645102123e-02 -6.108712634764756899e-02 -6.026924315394310838e-02
2.100000000000000089e+00 -7.450420209346031442e-02 -5.537452768744088871e-02 -5.842410085842519862e-02 -6.139242157292557067e-02 -6.036147198429375749e-02
2.149999999999999911e+00 -7.489986993593689135e-02 -5.597200804864055357e-02 -5.876373060671458148e-02 -6.161883475983565006e-02 -6.037013790738399166e-02
2.200000000000000178e+00 -7.526471454076855139e-02 -5.657433676023160274e-02 -5.915314230371837567e-02 -6.176579652450442381e-02 -6.028380573841474188e-02
2.250000000000000000e+00 -7.559153374193305908e-02 -5.719371970827946683e-02 -5.958722734756616290e-02 -6.184021319803889583e-02 -6.010023946156906050e-02
2.300000000000000266e+00 -7.587998554034824927e-02 -5.784049594907259007e-02 -6.005122840093246595e-02 -6.185201057684608372e-02 -5.982560153761085076e-02
2.350000000000000089e+00 -7.613364364380714733e-02 -5.851775675867898485e-02 -6.052231825100395923e-02 -6.181095037209871634e-02 -5.947356578772655666e-02
2.400000000000000355e+00 -7.635747601545883612e-02 -5.921889563326931949e-02 -6.097352089969643174e-02 -6.172539897058015868e-02 -5.906444508019248474e-02
2.450000000000000178e+00 -7.655629375497863265e-02 -5.992854686595983082e-02 -6.137902244606419089e-02 -6.160285168737011929e-02 -5.862411217405494313e-02
2.500000000000000000e+00 -7.673424447731491682e-02 -6.062654833521197162e-02 -6.171960136440279854e-02 -6.145135126391920721e-02 -5.818234816779010998e-02
2.550000000000000266e+00 -7.689503493815430524e-02 -6.129382551720663486e-02 -6.198690756899605248e-02 -6.128070683755204584e-02 -5.777036109488875582e-02
2.600000000000000089e+00 -7.704237958413107101e-02 -6.191854137686902959e-02 -6.218559616972374471e-02 -6.110265655552282738e-02 -5.741753489552081646e-02
2.650000000000000355e+00 -7.718021705357602791e-02 -6.250067599548714270e-02 -6.233279091024446217e-02 -6.092968439475043851e-02 -5.714786002064542458e-02
2.700000000000000178e+00 -7.731246139193559408e-02 -6.305357291517399432e-02 -6.245492002599828396e-02 -6.077285321572922783e-02 -5.697678749960743971e-02
2.750000000000000000e+00 -7.744234735944255377e-02 -6.360192053790658662e-02 -6.258253607648534000e-02 -6.063949671557544718e-02 -5.690929893376051041e-02
2.800000000000000266e+00 -7.757166609423160608e-02 -6.417684509941334881e-02 -6.274419372747974677e-02 -6.053174858977605766e-02 -5.693974744591656645e-02
2.850000000000000089e+00 -7.770027808090684829e-02 -6.480978345554166964e-02 -6.296070808931464313e-02 -6.044663660782489956e-02 -5.705356432539332445e-02
2.900000000000000355e+00 -7.782620710083287818e-02 -6.552711308006742286e-02 -6.324107676527024324e-02 -6.037792807420672148e-02 -5.723039872096435943e-02
2.950000000000000178e+00 -7.794640160920329741e-02 -6.634698230680324826e-02 -6.358101315845132717e-02 -6.031927436671580267e-02 -5.744785236050375943e-02
3.000000000000000000e+00 -7.805798728862622937e-02 -6.727869080068948904e-02 -6.396447266323157521e-02 -6.026768926368220036e-02 -5.768483836865456738e-02
3.050000000000000266e+00 -7.815962827506028887e-02 -6.832391733318488036e-02 -6.436787829295020913e-02 -6.022618930758838474e-02 -5.792378571811696020e-02
3.100000000000000089e+00 -7.825254248755308950e-02 -6.947862520825154320e-02 -6.476611727189052203e-02 -6.020460514561953858e-02 -5.815136131204212688e-02
3.150000000000000355e+00 -7.834080543792998341e-02 -7.073473669515006890e-02 -6.513893619255028966e-02 -6.021809589520366046e-02 -5.835792500352710022e-02
3.200000000000000178e+00 -7.843079537929975587e-02 -7.208133329690724622e-02 -6.547623055416895710e-02 -6.028360712009295241e-02 -5.853636649799653924e-02
3.250000000000000000e+00 -7.852990437948959013e-02 -7.350569262368367163e-02 -6.578095542588258127e-02 -6.041518556330061074e-02 -5.868113395557372769e-02
3.300000000000000266e+00 -7.864487215566762224e-02 -7.499457674275156194e-02 -6.606892737631486767e-02 -6.061948378888182276e-02 -5.878809138071261486e-02
3.350000000000000089e+00 -7.878021579118588136e-02 -7.653586714672844238e-02 -6.636550066668522874e-02 -6.089281336043583792e-02 -5.885540236949537984e-02
3.400000000000000355e+00 -7.893719394352283203e-02 -7.812019941899617237e-02 -6.669979996626107521e-02 -6.122071652141514164e-02 -5.888510322282769494e-02
3.450000000000000178e+00 -7.911357551981001990e-02 -7.974202214102898978e-02 -6.709772280636183694e-02 -6.158033451408861936e-02 -5.888461079006646059e-02
3.500000000000000000e+00 -7.930424001669456047e-02 -8.139965193916598452e-02 -6.757520291060803430e-02 -6.194506205168259783e-02 -5.886728281634390214e-02
3.550000000000000266e+00 -7.950240062428459709e-02 -8.309433887715833578e-02 -6.813323078727950843e-02 -6.229032750564300613e-02 -5.885137781147520286e-02
3.600000000000000089e+00 -7.970108530646324851e-02 -8.482883649610606369e-02 -6.875587211737865800e-02 -6.259901746670237799e-02 -5.885728179677585103e-02
3.650000000000000355e+00 -7.989447766753077218e-02 -8.660620538407481916e-02 -6.941202442535487904e-02 -6.286516079385684463e-02 -5.890350273762834377e-02
3.700000000000000178e+00 -8.007880769349728922e-02 -8.842942297701750221e-02 -7.006093764108545230e-02 -6.309496399223846197e-02 -5.900245371837087305e-02
3.750000000000000000e+00 -8.025265207355092301e-02 -9.030191084540906132e-02 -7.066067113493890162e-02 -6.330500007445394317e-02 -5.915725774707780715e-02
3.800000000000000266e+00 -8.041669158074293833e-02 -9.222858893230156951e-02 -7.117782502037872661e-02 -6.351808856557283889e-02 -5.936061667854986013e-02
3.850000000000000089e+00 -8.057311613186568522e-02 -9.421679365776025605e-02 -7.159629830716607302e-02 -6.375795944837392426e-02 -5.959623625528820412e-02
3.900000000000000355e+00 -8.072492559475863416e-02 -9.627646034868320157e-02 -7.192273742326893426e-02 -6.404402663902075687e-02 -5.984255510105285225e-02
3.950000000000000178e+00 -8.087533901158971972e-02 -9.841927987087295548e-02 -7.218690473016486919e-02 -6.438746672827733164e-02 -6.007782417505325157e-02
4.000000000000000000e+00 -8.102742282993835587e-02 -1.006569071531240311e-01 -7.243638485864511978e-02 -6.478937204583701259e-02 -6.028515422595859263e-02
4.049999999999999822e+00 -8.118392720314004940e-02 -1.029985745487396187e-01 -7.272658254506847442e-02 -6.524116711119631873e-02 -6.045613867744492609e-02
4.100000000000000533e+00 -8.134722787194847982e-02 -1.054486050835050648e-01 -7.310838574737577034e-02 -6.572691590061019440e-02 -6.059208164987950340e-02
4.150000000000000355e+00 -8.151924290004020079e-02 -1.080043789731703896e-01 -7.361667733211785247e-02 -6.622675086420670709e-02 -6.070258908064118941e-02
4.200000000000000178e+00 -8.170123457545575008e-02 -1.106553293843299812e-01 -7.426275512342872531e-02 -6.672050586913336190e-02 -6.080208607661674591e-02
4.250000000000000000e+00 -8.189349514203070335e-02 -1.133834926344876592e-01 -7.503266264951680142e-02 -6.719073808767461742e-02 -6.090544705772416023e-02
4.299999999999999822e+00 -8.209501054856738200e-02 -1.161659048516723303e-01 -7.589177304915484257e-02 -6.762461452565204922e-02 -6.102416287756540214e-02
4.350000000000000533e+00 -8.230325681752859168e-02 -1.189786622012132256e-01 -7.679423662604545342e-02 -6.801451438285255335e-02 -6.116424101998418905e-02
4.400000000000000355e+00 -8.251428074924938016e-02 -1.218018525700097499e-01 -7.769462442551056114e-02 -6.835754942056126993e-02 -6.132641427569751613e-02
4.450000000000000178e+00 -8.272314689888737860e-02 -1.246240849881301571e-01 -7.855862523439061107e-02 -6.865444238863815940e-02 -6.150842508612086590e-02
4.500000000000000000e+00 -8.292471829712244613e-02 -1.274452559704100096e-01 -7.937007061688650111e-02 -6.890827824950207514e-02 -6.170842638608675657e-02
4.549999999999999822e+00 -8.311461898614203037e-02 -1.302766019242147522e-01 -8.013270448994358475e-02 -6.912355133783520955e-02 -6.192813949379427640e-02
4.600000000000000533e+00 -8.329014498108699982e-02 -1.331378704415673297e-01 -8.086662133963251620e-02 -6.930571714636180047e-02 -6.217447196199543669e-02
4.650000000000000355e+00 -8.345087743406942593e-02 -1.360523238060826756e-01 -8.160072822253727765e-02 -6.946119852280219220e-02 -6.245880597699482450e-02
4.700000000000000178e+00 -8.359881538322166961e-02 -1.390409622412933643e-01 -8.236354668524903389e-02 -6.959758282447658928e-02 -6.279395583508318168e-02
4.750000000000000000e+00 -8.373796794387544651e-02 -1.421175907250296078e-01 -8.317493248613416768e-02 -6.972365194766183549e-02 -6.318960356921365928e-02
4.800000000000000711e+00 -8.387349049527470513e-02 -1.452860527865080797e-01 -8.404084121355293036e-02 -6.984894245305461880e-02 -6.364759036792122515e-02
4.850000000000000533e+00 -8.401057317979221395e-02 -1.485402046950108357e-01 -8.495228724059611380e-02 -6.998271853460025227e-02 -6.415858306452193460e-02
4.900000000000000355e+00 -8.415335742734741942e-02 -1.518662907283134800e-01 -8.588843402991486187e-02 -7.013249345328986806e-02 -6.470130312674626794e-02
4.950000000000000178e+00 -8.430415042689953786e-02 -1.552466896618840408e-01 -8.682265609753603286e-02 -7.030247023003255435e-02 -6.524480392755549474e-02
5.000000000000000000e+00 -8.446313430486385165e-02 -1.586638085553202515e-01 -8.772972371887899357e-02 -7.049240850562910055e-02 -6.575342886172563794e-02
5.050000000000000711e+00 -8.462865085576920521e-02 -1.621031979976610415e-01 -8.859215316758817238e-02 -7.069740735605734017e-02 -6.619333784119163511e-02
5.100000000000000533e+00 -8.479801766623129566e-02 -1.655554933581777632e-01 -8.940422660214775163e-02 -7.090891326408943485e-02 -6.653907164055894441e-02
5.150000000000000355e+00 -8.496872826546164603e-02 -1.690172327122194673e-01 -9.017302050511766254e-02 -7.111695732131551040e-02 -6.677864313608949942e-02
5.200000000000000178e+00 -8.513982619634541393e-02 -1.724907956168912904e-01 -9.091668441622680064e-02 -7.131327595413239351e-02 -6.691607307907077029e-02
5.250000000000000000e+00 -8.531322326600454531e-02 -1.759836880980740759e-01 -9.166089065851146245e-02 -7.149467362927985903e-02 -6.697097439456456414e-02
5.300000000000000711e+00 -8.549474508631504932e-02 -1.795073260751260946e-01 -9.243465943115314332e-02 -7.166583166280382500e-02 -6.697551284373659541e-02
5.350000000000000533e+00 -8.569471622347490936e-02 -1.830754763969091314e-01 -9.326664060243405885e-02 -7.184080339257548076e-02 -6.696961887753261067e-02
5.400000000000000355e+00 -8.592793039327828453e-02 -1.867026204319257587e-01 -9.418251813857470012e-02 -7.204265828351097412e-02 -6.699555649802846347e-02
5.450000000000000178e+00 -8.621288601772070237e-02 -1.904026079496405899e-01 -9.520366488332765442e-02 -7.230109182687627367e-02 -6.709284607797627586e-02
5.500000000000000000e+00 -8.657021334876402463e-02 -1.941879168915434661e-01 -9.634667946159858332e-02 -7.264822003794080274e-02 -6.729417936668369293e-02
5.550000000000000711e+00 -8.702029177355674605e-02 -1.980695378989629774e-01 -9.762311779611287932e-02 -7.311313938087593556e-02 -6.762252057779249981e-02
5.600000000000000533e+00 -8.758016710216209866e-02 -2.020570365329925622e-01 -9.903868606183419132e-02 -7.371608801269857736e-02 -6.808923064172134332e-02
5.650000000000000355e+00 -8.826002752475936575e-02 -2.061579704836908888e-01 -1.005914334508295482e-01 -7.446315717256624112e-02 -6.869290179079001746e-02
5.700000000000000178e+00 -8.905966280838306659e-02 -2.103758764431740147e-01 -1.022690271931647743e-01 -7.534246682814327301e-02 -6.941867213505759082e-02
5.750000000000000000e+00 -8.996547463068971240e-02 -2.147066546382072616e-01 -1.040458481393846668e-01 -7.632255017528954966e-02 -7.023803369055059420e-02
5.800000000000000711e+00 -9.094867708058007594e-02 -2.191341945987490547e-01 -1.058811579871532516e-01 -7.735340859289507875e-02 -7.110941888299748825e-02
5.850000000000000533e+00 -9.196528030793071906e-02 -2.236270156871960069e-01 -1.077196994335638536e-01 -7.837032964466139617e-02 -7.198000866459608460e-02
5.900000000000000355e+00 -9.295826308933796689e-02 -2.281379807067205334e-01 -1.094956587056872266e-01 -7.930014527732787144e-02 -7.278915567754395965e-02
5.950000000000000178e+00 -9.386202122590248109e-02 -2.326084752542127987e-01 -1.111400183213095971e-01 -8.006920304688414092e-02 -7.347354483178136775e-02
6.000000000000000000e+00 -9.460877527122324437e-02 -2.369769879865701867e-01 -1.125902401822687082e-01 -8.061200239990462535e-02 -7.397379035989359863e-02
6.050000000000000711e+00 -9.513621089893931071e-02 -2.411903571797280321e-01 -1.138003371949514175e-01 -8.087928184492554351e-02 -7.424171789960354317e-02
6.100000000000000533e+00 -9.539530006748853097e-02 -2.452147856129007764e-01 -1.147490550741636639e-01 -8.084437766306962203e-02 -7.424723977145220033e-02
6.150000000000000355e+00 -9.535709428596783610e-02 -2.490435693278518769e-01 -1.154442379920084250e-01 -8.050691380070418290e-02 -7.398360789068192389e-02
6.200000000000000178e+00 -9.501734512073012340e-02 -2.526993889753130773e-01 -1.159223790141084010e-01 -7.989328192108402504e-02 -7.346996873547340101e-02
6.250000000000000000e+00 -9.439809735452420192e-02 -2.562305893790339795e-01 -1.162435399586714269e-01 -7.905385288795585552e-02 -7.275052833710660138e-02
6.300000000000000711e+00 -9.354587150063053969e-02 -2.597025141584516916e-01 -1.164828769910464246e-01 -7.805733794796765324e-02 -7.189018574038641418e-02
6.350000000000000533e+00 -9.252661646307958065e-02 -2.631861244530311339e-01 -1.167206239782503374e-01 -7.698311165351690022e-02 -7.096710062004518704e-02
6.400000000000000355e+00 -9.141815837255018451e-02 -2.667465463934446390e-01 -1.170324454882232246e-01 -7.591256349406272363e-02 -7.006320701741231005e-02
6.450000000000000178e+00 -9.030128841219475788e-02 -2.704339025522246587e-01 -1.174816488363861211e-01 -7.492063120735359405e-02 -6.925406788038657169e-02
6.500000000000000000e+00 -8.925083828929025742e-02 -2.742780182680091272e-01 -1.181140438337280330e-01 -7.406858083354173061e-02 -6.859961367000622090e-02
6.550000000000000711e+00 -8.832804987806852637e-02 -2.782876151410720311e-01 -1.189555078326476334e-01 -7.339885726898032203e-02 -6.813719302201093342e-02
6.600000000000000533e+00 -8.757527112457497154e-02 -2.824536178109857687e-01 -1.200117706659975525e-01 -7.293248077320235723e-02 -6.787800015084499705e-02
6.650000000000000355e+00 -8.701356665347503849e-02 -2.867553655158419090e-01 -1.212697150338604146e-01 -7.266907680878453846e-02 -6.780739123213308517e-02
6.700000000000000178e+00 -8.664331322359464238e-02 -2.911679801788258359e-01 -1.226996099240595939e-01 -7.258927255673341961e-02 -6.788895494302948919e-02
6.750000000000000000e+00 -8.644736109487349829e-02 -2.956690165098097012e-01 -1.242580449248054109e-01 -7.265893254109201393e-02 -6.807157552746190277e-02
6.800000000000000711e+00 -8.639597282604083439e-02 -3.002428512604247146e-01 -1.258917021828365179e-01 -7.283456388460507469e-02 -6.829823445375637903e-02
6.850000000000000533e+00 -8.645255976993060365e-02 -3.048819864373415456e-01 -1.275422657513880509e-01 -7.306918685716645712e-02 -6.851503046645390782e-02
6.900000000000000355e+00 -8.657924121256743710e-02 -3.095853594518835905e-01 -1.291525891008804550e-01 -7.331800243939312622e-02 -6.867890640638307787e-02
6.950000000000000178e+00 -8.674142856978761529e-02 -3.143546183564867036e-01 -1.306737479238107014e-01 -7.354326035708957932e-02 -6.876285215806632323e-02
7.000000000000000000e+00 -8.691093248611014843e-02 -3.191898788309535107e-01 -1.320719904570877290e-01 -7.371782522147540817e-02 -6.875785307780546418e-02
7.050000000000000711e+00 -8.706743241810843692e-02 -3.240865523387741476e-01 -1.333341437152535391e-01 -7.382706776022374129e-02 -6.867147903921733132e-02
7.100000000000000533e+00 -8.719846448792889504e-02 -3.290343857283621887e-01 -1.344699912431002176e-01 -7.386889486067360622e-02 -6.852364537301980363e-02
7.150000000000000355e+00 -8.729831665057030676e-02 -3.340190241637746027e-01 -1.355106152844065548e-01 -7.385198221561140031e-02 -6.834060438221101208e-02
7.200000000000000178e+00 -8.736633728649545461e-02 -3.390254917483996877e-01 -1.365026098121591147e-01 -7.379255813360074967e-02 -6.814854263259562117e-02
7.250000000000000000e+00 -8.740515863095099647e-02 -3.440423074125673608e-01 -1.374991630513067165e-01 -7.371034511347573925e-02 -6.796819600385362037e-02
7.300000000000000711e+00 -8.741922951543124043e-02 -3.490647502975834371e-01 -1.385499286498559357e-01 -7.362442493299425905e-02 -6.781163181690530450e-02
7.350000000000000533e+00 -8.741388015359108365e-02 -3.540961077951481073e-01 -1.396920308269056221e-01 -7.354980022173940313e-02 -6.768182390981536400e-02
7.400000000000000355e+00 -8.739495072687408772e-02 -3.591464489804483406e-01 -1.409443074916483241e-01 -7.349526899500524735e-02 -6.757496175380239833e-02
7.450000000000000178e+00 -8.736884899427499462e-02 -3.642293185827236712e-01 -1.423060376194529297e-01 -7.346294151817645002e-02 -6.748473690265655023e-02
7.500000000000000000e+00 -8.734279347426898710e-02 -3.693574542658248916e-01 -1.437601891002682208e-01 -7.344937541793328251e-02 -6.740731006082967269e-02
7.550000000000000711e+00 -8.732496566902159252e-02 -3.745389421101661398e-01 -1.452800389650921176e-01 -7.344795934489667388e-02 -6.734543249153901456e-02
7.600000000000000533e+00 -8.732433758253166367e-02 -3.797750135900974655e-01 -1.468372103909088011e-01 -7.345190476151230996e-02 -6.731036600005069204e-02
7.650000000000000355e+00 -8.735004386491862505e-02 -3.850600201779608156e-01 -1.484089463142668208e-01 -7.345706195938106475e-02 -6.732080635529769097e-02
7.700000000000000178e+00 -8.741030436908592272e-02 -3.903832697162181731e-01 -1.499828112270451541e-01 -7.346379588364371216e-02 -6.739884434514564759e-02
7.750000000000000000e+00 -8.751104062174652753e-02 -3.957317431710345446e-01 -1.515578275531836994e-01 -7.347735427094548299e-02 -6.756388367890053814e-02
7.800000000000000711e+00 -8.765443804023487218e-02 -4.010925229454374019e-01 -1.531420614353740106e-01 -7.350651698252441690e-02 -6.782612392086662112e-02
7.850000000000000533e+00 -8.783776134694409876e-02 -4.064541127079897009e-01 -1.547476070614095534e-01 -7.356076881404050027e-02 -6.818149124487860036e-02
7.900000000000000355e+00 -8.805272161910782103e-02 -4.118065150811380803e-01 -1.563845553162535040e-01 -7.364668188882816935e-02 -6.860964670440949931e-02
7.950000000000000178e+00 -8.828562087844149531e-02 -4.171406182087720182e-01 -1.580557327840681481e-01 -7.376449961027375934e-02 -6.907595645344599689e-02
8.000000000000000000e+00 -8.851837732631828715e-02 -4.224478105754752022e-01 -1.597537272418669829e-01 -7.390597345873217705e-02 -6.953725829994539254e-02
8.050000000000000711e+00 -8.873038357974460943e-02 -4.277206303148064492e-01 -1.614610500279800576e-01 -7.405427147446630443e-02 -6.995019483024833562e-02
8.099999999999999645e+00 -8.890099846421750662e-02 -4.329547036911352009e-01 -1.631533932447171154e-01 -7.418629519770902903e-02 -7.028011585141769046e-02
8.150000000000000355e+00 -8.901234667469171136e-02 -4.381514825067389651e-01 -1.648050556740265904e-01 -7.427713065024654782e-02 -7.050831753030450955e-02
8.200000000000001066e+00 -8.905202186252347829e-02 -4.433207091831397051e-01 -1.663949871543835002e-01 -7.430577949754102463e-02 -7.063576633781210035e-02
8.250000000000000000e+00 -8.901527154390365126e-02 -4.484814195033814954e-01 -1.679117350963332811e-01 -7.426092008211426787e-02 -7.068235547302847976e-02
8.300000000000000711e+00 -8.890629126209903532e-02 -4.536607045935072691e-01 -1.693559379304954149e-01 -7.414533459630945345e-02 -7.068190726799983281e-02
8.349999999999999645e+00 -8.873836555978131813e-02 -4.588901895051344937e-01 -1.707397931541398961e-01 -7.397783673859237297e-02 -7.067423566109454214e-02
8.400000000000000355e+00 -8.853275062973198217e-02 -4.642009007410736743e-01 -1.720838708168415110e-01 -7.379200253079254423e-02 -7.069630756362244028e-02
8.450000000000001066e+00 -8.831637704362238495e-02 -4.696176231659361378e-01 -1.734124174226758797e-01 -7.363165155762629865e-02 -7.077469603977704082e-02
8.500000000000000000e+00 -8.811863496099903159e-02 -4.751539278900400731e-01 -1.747486295110656229e-01 -7.354372145238485814e-02 -7.092107692141524922e-02
8.550000000000000711e+00 -8.796766097032837628e-02 -4.808088848018110539e-01 -1.761111705905360481e-01 -7.356978858243934383e-02 -7.113163233718466927e-02
8.599999999999999645e+00 -8.788664887536290493e-02 -4.865661706964603539e-01 -1.775125776753760931e-01 -7.373788298803418684e-02 -7.139015974555462662e-02
8.650000000000000355e+00 -8.789073526740254216e-02 -4.923958906055538876e-01 -1.789594433967645060e-01 -7.405632300612197128e-02 -7.167374959404781976e-02
8.700000000000001066e+00 -8.798495297887898303e-02 -4.982589489701734209e-01 -1.804536953928748133e-01 -7.451100274602495688e-02 -7.195933961323675021e-02
8.750000000000000000e+00 -8.816360289403979422e-02 -5.041132786669093591e-01 -1.819941383444589889e-01 -7.506692653365121259e-02 -7.222940385354092996e-02
8.800000000000000711e+00 -8.841118364222499970e-02 -5.099207711239976959e-01 -1.835776721443371784e-01 -7.567390886520364290e-02 -7.247546120670023129e-02
8.849999999999999645e+00 -8.870477059501724604e-02 -5.156534994320560727e-01 -1.852000521266727873e-01 -7.627543374422174338e-02 -7.269882722438225642e-02
8.900000000000000355e+00 -8.901749229606892300e-02 -5.212979094183074480e-01 -1.868564411764639388e-01 -7.681891901940574030e-02 -7.290884352251225664e-02
8.950000000000001066e+00 -8.932255958884116609e-02 -5.268561001389810983e-01 -1.885421246134688644e-01 -7.726526226385921348e-02 -7.311945960086774221e-02
9.000000000000000000e+00 -8.959720019302541694e-02 -5.323440258872844666e-01 -1.902535911212099862e-01 -7.759567051914828539e-02 -7.334534314251683895e-02
9.050000000000000711e+00 -8.982586399272163291e-02 -5.377872161117238647e-01 -1.919898573567913047e-01 -7.781438196197143498e-02 -7.359860549893681991e-02
9.099999999999999645e+00 -9.000219406325138394e-02 -5.432151866563383891e-01 -1.937536280568474822e-01 -7.794682420088072661e-02 -7.388682400133461670e-02
9.150000000000000355e+00 -9.012948270744769452e-02 -5.486559384262053030e-01 -1.955517942344853211e-01 -7.803377961330681956e-02 -7.421249052619316444e-02
9.200000000000001066e+00 -9.021960620083757654e-02 -5.541317740532898384e-01 -1.973949225984394928e-01 -7.812298061149469675e-02 -7.457351950090895798e-02
9.250000000000000000e+00 -9.029070000168548660e-02 -5.596571945175581320e-01 -1.992957005242290691e-01 -7.826003145585680443e-02 -7.496417561858592649e-02
9.300000000000000711e+00 -9.036404215727156242e-02 -5.652390186493354562e-01 -2.012666248770189625e-01 -7.848055441508350327e-02 -7.537580851568748130e-02
9.349999999999999645e+00 -9.046071530638943869e-02 -5.708782754299361883e-01 -2.033174274858273733e-01 -7.880502137584954880e-02 -7.579706986593492957e-02
9.400000000000000355e+00 -9.059860069991110265e-02 -5.765730163189060065e-01 -2.054527645762194155e-01 -7.923699963199304364e-02 -7.621370151866813103e-02
9.450000000000001066e+00 -9.079013361679422189e-02 -5.823210859097347480e-01 -2.076706006171047392e-01 -7.976471566757403764e-02 -7.660834028833107823e-02
9.500000000000000000e+00 -9.104105616934310419e-02 -5.881220702553511259e-01 -2.099615653962993989e-01 -8.036513170299741660e-02 -7.696092968068057871e-02
9.550000000000000711e+00 -9.135019288244516922e-02 -5.939780051621870172e-01 -2.123094063142971777e-01 -8.100929910490606289e-02 -7.725019081084028016e-02
9.600000000000001421e+00 -9.171009833412702150e-02 -5.998928255599436099e-01 -2.146924950376449814e-01 -8.166768018904591031e-02 -7.745622826549336537e-02
9.650000000000000355e+00 -9.210832148056846691e-02 -6.058708666062502246e-01 -2.170861623562236886e-01 -8.231439589865274797e-02 -7.756387384016960596e-02
9.700000000000001066e+00 -9.252901044310313239e-02 -6.119149500623377591e-01 -2.194654499312287399e-01 -8.292985088922399939e-02 -7.756598843444706404e-02
9.750000000000000000e+00 -9.295463038635665143e-02 -6.180246997862983704e-01 -2.218077592546974230e-01 -8.350174126103837580e-02 -7.746580749312670378e-02
9.800000000000000711e+00 -9.336765145986669623e-02 -6.241957061246807825e-01 -2.240949294790217650e-01 -8.402488780938632829e-02 -7.727759552089707995e-02
9.850000000000001421e+00 -9.375214211217564042e-02 -6.304199616571999343e-01 -2.263145022729684541e-01 -8.450053059814166545e-02 -7.702531932451961438e-02
9.900000000000000355e+00 -9.409524159017701450e-02 -6.366876145386575203e-01 -2.284602464137153177e-01 -8.493562878975069452e-02 -7.673960644227761918e-02
9.950000000000001066e+00 -9.438847011279327681e-02 -6.429896098848102426e-01 -2.305322652559915753e-01 -8.534239526483133886e-02 -7.645372966758046118e-02
1.000000000000000000e+01 -9.462877704469718765e-02 -6.493203779668261788e-01 -2.325370647404012558e-01 -8.573790310837381412e-02 -7.619958465543419379e-02
