# time	p th	2	10	100	1000
0.000000000000000000e+00 0.000000000000000000e+00 0.000000000000000000e+00 0.000000000000000000e+00 0.000000000000000000e+00 0.000000000000000000e+00
5.000000000000000278e-02 -1.403826563625614225e-03 -1.421205500409361555e-03 -1.464074990137620436e-03 -1.448018169558640267e-03 -1.404439642804788946e-03
1.000000000000000056e-01 -5.361867599273182489e-03 -5.380741008446543461e-03 -5.459086389324740995e-03 -5.415949361597949263e-03 -5.312841048210614758e-03
1.500000000000000222e-01 -1.117521342999026543e-02 -1.114307242484702254e-02 -1.121156252969851552e-02 -1.113889693701852757e-02 -1.097185627108032691e-02
2.000000000000000111e-01 -1.786567755810921157e-02 -1.768291600918203699e-02 -1.766299989853586938e-02 -1.756766924008723585e-02 -1.734203578984683247e-02
2.500000000000000000e-01 -2.439871985638546875e-02 -2.393101974756295380e-02 -2.372839829880846185e-02 -2.362389207062332019e-02 -2.335150494359172768e-02
3.000000000000000444e-01 -2.990085451378803397e-02 -2.901035091441561686e-02 -2.853907072183831106e-02 -2.844117810998358920e-02 -2.813664728065767839e-02
3.500000000000000333e-01 -3.381506426629982826e-02 -3.239840054649534284e-02 -3.160351957194384998e-02 -3.152650434547210612e-02 -3.120377657561679285e-02
4.000000000000000222e-01 -3.596051335136138394e-02 -3.397934831201276928e-02 -3.285112329488276695e-02 -3.280576461577866532e-02 -3.247552489424321287e-02
4.500000000000000111e-01 -3.649399280974165855e-02 -3.398695725463884987e-02 -3.256282586392295064e-02 -3.255638955043382854e-02 -3.222459734131266629e-02
5.000000000000000000e-01 -3.579913674980304134e-02 -3.287180125702260369e-02 -3.122669236098524204e-02 -3.126387909161143508e-02 -3.093150907501618363e-02
5.500000000000000444e-01 -3.434640593233553169e-02 -3.114414477616334054e-02 -2.937321265149089866e-02 -2.945691371581959928e-02 -2.912074640376571821e-02
6.000000000000000888e-01 -3.256794869154418931e-02 -2.924230527563598248e-02 -2.744184220817874609e-02 -2.757309695758380919e-02 -2.722719995346123412e-02
6.500000000000000222e-01 -3.077847522039462574e-02 -2.745872643992941509e-02 -2.571047288334377123e-02 -2.588787865169528413e-02 -2.552528681443178016e-02
7.000000000000000666e-01 -2.915265417426098765e-02 -2.593075356697849276e-02 -2.429271728491055882e-02 -2.451207627758023033e-02 -2.412618616212669487e-02
7.500000000000000000e-01 -2.774948105625611727e-02 -2.468034656372375402e-02 -2.318464611542753184e-02 -2.343948347050817116e-02 -2.302485694002931460e-02
8.000000000000000444e-01 -2.656135019593307278e-02 -2.367439574277818704e-02 -2.233055075204132267e-02 -2.261341822108464683e-02 -2.216599744472858013e-02
8.500000000000000888e-01 -2.556322988864934490e-02 -2.287756560417719687e-02 -2.167861200269738386e-02 -2.198232417399137439e-02 -2.149937062653761721e-02
9.000000000000000222e-01 -2.474414642087197080e-02 -2.228001664568868279e-02 -2.120886010077843720e-02 -2.152659325103667420e-02 -2.100681946987092985e-02
9.500000000000000666e-01 -2.411475293486461252e-02 -2.189691429354201357e-02 -2.093110588126029237e-02 -2.125489402468594413e-02 -2.069914698107910844e-02
1.000000000000000000e+00 -2.369578473991367645e-02 -2.174888427713583816e-02 -2.086304078469602974e-02 -2.118135117559483138e-02 -2.059383428146266404e-02
1.050000000000000044e+00 -2.349864423768650498e-02 -2.183823945820595469e-02 -2.100428331018311390e-02 -2.130034332395447372e-02 -2.068987421541268468e-02
1.100000000000000089e+00 -2.350977641374896523e-02 -2.213406480718804747e-02 -2.132017591368134957e-02 -2.157284483383647977e-02 -2.095327880866082459e-02
1.150000000000000133e+00 -2.368611080321727722e-02 -2.257246125081580068e-02 -2.174205969077608325e-02 -2.193002480229411244e-02 -2.131896566742730315e-02
1.200000000000000178e+00 -2.396251846913543398e-02 -2.307038336641742404e-02 -2.218249434930485986e-02 -2.229080606894751071e-02 -2.170619000149698330e-02
1.250000000000000000e+00 -2.426696906011187663e-02 -2.354609058955936529e-02 -2.255797112080543121e-02 -2.258429690175922655e-02 -2.203927773586356054e-02
1.300000000000000044e+00 -2.453676595254222770e-02 -2.393788196431778648e-02 -2.280988840087372349e-02 -2.276729299080515467e-02 -2.226478276848298243e-02
1.350000000000000089e+00 -2.473012664594847337e-02 -2.421498060483895376e-02 -2.291667034935246372e-02 -2.283070972584622105e-02 -2.235953571769200288e-02
1.400000000000000133e+00 -2.483031963394069161e-02 -2.437838388930213540e-02 -2.289419593689029364e-02 -2.279438729770877359e-02 -2.232897325171734337e-02
1.450000000000000178e+00 -2.484284884722598105e-02 -2.445328797887502681e-02 -2.278606494964474649e-02 -2.269441707354880045e-02 -2.219905708439329217e-02
1.500000000000000000e+00 -2.478837080580774399e-02 -2.447705689480650371e-02 -2.264810447068638100e-02 -2.256913038204966249e-02 -2.200647882499850994e-02
1.550000000000000044e+00 -2.469455752677220117e-02 -2.448720731630726899e-02 -2.253234790537128607e-02 -2.244891127720083368e-02 -2.179071888594452666e-02
1.600000000000000089e+00 -2.458928053420635432e-02 -2.451280126329602460e-02 -2.247480817512637064e-02 -2.235214487026349062e-02 -2.158911771688032388e-02
1.650000000000000133e+00 -2.449609787237733496e-02 -2.457070746393696936e-02 -2.248948042019749405e-02 -2.228656537661133363e-02 -2.143401387744159337e-02
1.700000000000000178e+00 -2.443187982945602132e-02 -2.466627140686039610e-02 -2.256893450826275016e-02 -2.225338274730870314e-02 -2.135027338759365456e-02
1.750000000000000000e+00 -2.440592487366785579e-02 -2.479670315908644174e-02 -2.269015584314054701e-02 -2.225134324446154110e-02 -2.135227064312128498e-02
1.800000000000000044e+00 -2.442003035707927122e-02 -2.495520717210475414e-02 -2.282325256607486974e-02 -2.227893695380123162e-02 -2.144082523525270290e-02
1.850000000000000089e+00 -2.446932640877833021e-02 -2.513434137937375912e-02 -2.294034575202552606e-02 -2.233444695989572626e-02 -2.160169313969451110e-02
1.900000000000000133e+00 -2.454388127013061235e-02 -2.532786799838615543e-02 -2.302233800344527515e-02 -2.241464359350187063e-02 -2.180722343700369770e-02
1.950000000000000178e+00 -2.463098541555410956e-02 -2.553107106506846691e-02 -2.306215497067526377e-02 -2.251329520181755139e-02 -2.202168646067703683e-02
2.000000000000000000e+00 -2.471773037902579712e-02 -2.573999778127356031e-02 -2.306421727148039169e-02 -2.262040814396404365e-02 -2.220916692485808142e-02
2.050000000000000266e+00 -2.479327109466027135e-02 -2.595031311385942452e-02 -2.304099513726037829e-02 -2.272260163921346887e-02 -2.234166828421479956e-02
2.100000000000000089e+00 -2.485020463221900358e-02 -2.615646250780589988e-02 -2.300819506065587827e-02 -2.280460985515653238e-02 -2.240484200652370639e-02
2.149999999999999911e+00 -2.488483447984890518e-02 -2.635164808782841650e-02 -2.298022467635135735e-02 -2.285169814081056128e-02 -2.239964436023811345e-02
2.200000000000000178e+00 -2.489654570236268794e-02 -2.652879713978895104e-02 -2.296711126407446901e-02 -2.285267656277623072e-02 -2.233978560076121944e-02
2.250000000000000000e+00 -2.488684049237889495e-02 -2.668231983163538157e-02 -2.297327960738532182e-02 -2.280302866807248918e-02 -2.224633653419294532e-02
2.300000000000000266e+00 -2.485860048542036863e-02 -2.681010436680597575e-02 -2.299790123764883232e-02 -2.270740771447288253e-02 -2.214165342959151239e-02
2.350000000000000089e+00 -2.481585572902787404e-02 -2.691497941964815510e-02 -2.303619155391012363e-02 -2.258053999520670541e-02 -2.204461871363472270e-02
2.400000000000000355e+00 -2.476392653614311809e-02 -2.700489850574616657e-02 -2.308110067959390221e-02 -2.244566945904802324e-02 -2.196827572678583529e-02
2.450000000000000178e+00 -2.470950562993692867e-02 -2.709145191858430834e-02 -2.312513011074546210e-02 -2.233024482781176268e-02 -2.191977080676088541e-02
2.500000000000000000e+00 -2.466023292381834195e-02 -2.718694520085396249e-02 -2.316222404754014752e-02 -2.225950640311613604e-02 -2.190164566087671183e-02
2.550000000000000266e+00 -2.462358836749302740e-02 -2.730096629350120541e-02 -2.318963315180500029e-02 -2.224962302810329362e-02 -2.191327008946308830e-02
2.600000000000000089e+00 -2.460533356914851311e-02 -2.743774597239423407e-02 -2.320934871291369106e-02 -2.230258643888538561e-02 -2.195156452000635028e-02
2.650000000000000355e+00 -2.460804579045515125e-02 -2.759542602043596471e-02 -2.322839935695875102e-02 -2.240483306757135029e-02 -2.201085729552909598e-02
2.700000000000000178e+00 -2.463033898074798098e-02 -2.776758539407198079e-02 -2.325732175338324215e-02 -2.253049339920876193e-02 -2.208237404030533035e-02
2.750000000000000000e+00 -2.466712846898616585e-02 -2.794635118166199916e-02 -2.330666086100829926e-02 -2.264860234862386967e-02 -2.215416647202705924e-02
2.800000000000000266e+00 -2.471088990442012884e-02 -2.812563605072726514e-02 -2.338230642537048043e-02 -2.273212925935630402e-02 -2.221215039530100022e-02
2.850000000000000089e+00 -2.475348705596729787e-02 -2.830293387386217940e-02 -2.348138197648452774e-02 -2.276589912144078021e-02 -2.224243616760768205e-02
2.900000000000000355e+00 -2.478796659737497743e-02 -2.847879948909959325e-02 -2.359070245797012522e-02 -2.275072692674018349e-02 -2.223452854452356853e-02
2.950000000000000178e+00 -2.480980046647175696e-02 -2.865434071830330609e-02 -2.368915699492574189e-02 -2.270232595774912543e-02 -2.218449696256286074e-02
3.000000000000000000e+00 -2.481732965758482248e-02 -2.882815400353344604e-02 -2.375387891396185669e-02 -2.264534438869703070e-02 -2.209705163905284486e-02
3.050000000000000266e+00 -2.481148028000831202e-02 -2.899453923731309946e-02 -2.376833888729945610e-02 -2.260458211194027456e-02 -2.198566568914483987e-02
3.100000000000000089e+00 -2.479503954562971985e-02 -2.914427984954071071e-02 -2.372935297693723466e-02 -2.259642371910397518e-02 -2.187039732862161578e-02
3.150000000000000355e+00 -2.477182487031399233e-02 -2.926801498374120847e-02 -2.365006044523026985e-02 -2.262344038401198354e-02 -2.177373566045193165e-02
3.200000000000000178e+00 -2.474597747691575575e-02 -2.936087936479259142e-02 -2.355730080995127596e-02 -2.267399664022673456e-02 -2.171541924608777485e-02
3.250000000000000000e+00 -2.472145234184722554e-02 -2.942630947249391671e-02 -2.348399069870638067e-02 -2.272694636550054437e-02 -2.170756595998302174e-02
3.300000000000000266e+00 -2.470165567040567139e-02 -2.947709223499994646e-02 -2.345913429438045705e-02 -2.275972970974815546e-02 -2.175147131608379247e-02
3.350000000000000089e+00 -2.468915099793434972e-02 -2.953279110288686837e-02 -2.349907364872533266e-02 -2.275700194528940123e-02 -2.183704752667381399e-02
3.400000000000000355e+00 -2.468540361010724410e-02 -2.961416002795191904e-02 -2.360304604260510253e-02 -2.271673953856967465e-02 -2.194517545156537963e-02
3.450000000000000178e+00 -2.469060451521727304e-02 -2.973642521942698735e-02 -2.375432619761308484e-02 -2.265163897253730241e-02 -2.205242132419238388e-02
3.500000000000000000e+00 -2.470365109628346739e-02 -2.990385977402387763e-02 -2.392603527493902815e-02 -2.258525100310437850e-02 -2.213687753641058187e-02
3.550000000000000266e+00 -2.472233615801002274e-02 -3.010767749875398192e-02 -2.408908815228538725e-02 -2.254412059670141133e-02 -2.218354310165593368e-02
3.600000000000000089e+00 -2.474372827547540593e-02 -3.032808808956977131e-02 -2.421937153331776837e-02 -2.254860456850082961e-02 -2.218778164703172351e-02
3.650000000000000355e+00 -2.476465846127524559e-02 -3.053986817204035198e-02 -2.430210939045579499e-02 -2.260553052584879374e-02 -2.215595076146548159e-02
3.700000000000000178e+00 -2.478220086646246156e-02 -3.071960905786730311e-02 -2.433290317412545312e-02 -2.270526481871482094e-02 -2.210311330982928091e-02
3.750000000000000000e+00 -2.479405915767046026e-02 -3.085233135085263534e-02 -2.431630456241923310e-02 -2.282426777289736641e-02 -2.204856483115080756e-02
3.800000000000000266e+00 -2.479882347445879973e-02 -3.093548748382934921e-02 -2.426335319931000045e-02 -2.293233677366224299e-02 -2.201049352651418545e-02
3.850000000000000089e+00 -2.479610850443777006e-02 -3.097927830581181929e-02 -2.418917250286228837e-02 -2.300212066752849172e-02 -2.200126955728687328e-02
3.900000000000000355e+00 -2.478659479200359672e-02 -3.100334762015899415e-02 -2.411088669251881811e-02 -2.301770211151632495e-02 -2.202460845476816864e-02
3.950000000000000178e+00 -2.477197390923663659e-02 -3.103098057160846857e-02 -2.404546953992420244e-02 -2.297937436588626259e-02 -2.207526729192110793e-02
4.000000000000000000e+00 -2.475476983103220771e-02 -3.108265380665209410e-02 -2.400712972239454901e-02 -2.290307701272586982e-02 -2.214119564003524943e-02
4.049999999999999822e+00 -2.473800632409592012e-02 -3.117093024812245261e-02 -2.400444961269204702e-02 -2.281482491296171755e-02 -2.220738623776030707e-02
4.100000000000000533e+00 -2.472472905095230572e-02 -3.129814586389234599e-02 -2.403823384801495600e-02 -2.274218859405485738e-02 -2.226023273091404242e-02
4.150000000000000355e+00 -2.471745776287121929e-02 -3.145727459849634311e-02 -2.410128204068634483e-02 -2.270583349019694719e-02 -2.229111340534828400e-02
4.200000000000000178e+00 -2.471770175010192319e-02 -3.163524870903411390e-02 -2.418075640405414894e-02 -2.271396150138049741e-02 -2.229819823362788611e-02
4.250000000000000000e+00 -2.472568232700240315e-02 -3.181735014078612700e-02 -2.426265638332480989e-02 -2.276130691296618380e-02 -2.228604375953402439e-02
4.299999999999999822e+00 -2.474035322658664840e-02 -3.199126194078583119e-02 -2.433674451529199700e-02 -2.283259840576978839e-02 -2.226323648202299665e-02
4.350000000000000533e+00 -2.475971071229025877e-02 -3.214978015930136657e-02 -2.439978491019623164e-02 -2.290879272740242723e-02 -2.223896270178715717e-02
4.400000000000000355e+00 -2.478128363279409954e-02 -3.229170407795267650e-02 -2.445554154066748032e-02 -2.297352868970425899e-02 -2.221971999399885433e-02
4.450000000000000178e+00 -2.480263699344504788e-02 -3.242087655407677182e-02 -2.451145495813406017e-02 -2.301744225589041903e-02 -2.220731400157105462e-02
4.500000000000000000e+00 -2.482173707747364205e-02 -3.254376843338024905e-02 -2.457356823548612068e-02 -2.303908882869687424e-02 -2.219880566134424527e-02
4.549999999999999822e+00 -2.483710288756754009e-02 -3.266641619457744117e-02 -2.464223209607541154e-02 -2.304272804511675599e-02 -2.218834069117603391e-02
4.600000000000000533e+00 -2.484776873145676940e-02 -3.279179159050238379e-02 -2.471082450856643131e-02 -2.303448003466712635e-02 -2.217007141280813443e-02
4.650000000000000355e+00 -2.485315753893360333e-02 -3.291859749334224983e-02 -2.476825729820858468e-02 -2.301884156912514801e-02 -2.214095723937492544e-02
4.700000000000000178e+00 -2.485298046378119421e-02 -3.304198497969879078e-02 -2.480412872429060833e-02 -2.299710409386368504e-02 -2.210229174670619301e-02
4.750000000000000000e+00 -2.484723297376831286e-02 -3.315594916475073095e-02 -2.481400017210394493e-02 -2.296811395444686710e-02 -2.205934608276449715e-02
4.800000000000000711e+00 -2.483627878580051823e-02 -3.325648649864265671e-02 -2.480215671074842421e-02 -2.293061138517737962e-02 -2.201932552525764919e-02
4.850000000000000533e+00 -2.482094306690981952e-02 -3.334423913235784465e-02 -2.478043393136036832e-02 -2.288564878749899112e-02 -2.198856191720777176e-02
4.900000000000000355e+00 -2.480251057562270559e-02 -3.342543780385132113e-02 -2.476363162847744492e-02 -2.283764255639197938e-02 -2.197018154947993906e-02
4.950000000000000178e+00 -2.478255473173845980e-02 -3.351048665258471448e-02 -2.476368817954432977e-02 -2.279339004968294891e-02 -2.196324212813682841e-02
5.000000000000000000e+00 -2.476259502020553699e-02 -3.361040133876169733e-02 -2.478531854431448300e-02 -2.275947473874273541e-02 -2.196362938891582850e-02
5.050000000000000711e+00 -2.474366041477992634e-02 -3.373226182502597759e-02 -2.482498831877094636e-02 -2.273934066493454864e-02 -2.196617282546053929e-02
5.100000000000000533e+00 -2.472589219370490907e-02 -3.387548048841815262e-02 -2.487338269257705070e-02 -2.273152347323226241e-02 -2.196688354458298242e-02
5.150000000000000355e+00 -2.470832989213619241e-02 -3.403062828032776821e-02 -2.491984756469278750e-02 -2.272998951635407661e-02 -2.196421434882966928e-02
5.200000000000000178e+00 -2.468898699384510648e-02 -3.418168437737778564e-02 -2.495649114918646605e-02 -2.272653113855882534e-02 -2.195880105357317369e-02
5.250000000000000000e+00 -2.466525155226094099e-02 -3.431119280754491019e-02 -2.498009473610146580e-02 -2.271419028940235840e-02 -2.195198542712106793e-02
5.300000000000000711e+00 -2.463456193754467657e-02 -3.440655637369327557e-02 -2.499136825545700269e-02 -2.269020221538908810e-02 -2.194410742265007208e-02
5.350000000000000533e+00 -2.459522990347124891e-02 -3.446515579719355848e-02 -2.499259022504723982e-02 -2.265718192243915130e-02 -2.193371309308633776e-02
5.400000000000000355e+00 -2.454722878470960365e-02 -3.449635398648098761e-02 -2.498545429693327380e-02 -2.262208842087054528e-02 -2.191834192999397857e-02
5.450000000000000178e+00 -2.449274615116706771e-02 -3.451952732305763050e-02 -2.497060651326987735e-02 -2.259349699970103487e-02 -2.189665653903882792e-02
5.500000000000000000e+00 -2.443632574869553792e-02 -3.455864729101421062e-02 -2.494914501739858848e-02 -2.257842204624327387e-02 -2.187082041307797375e-02
5.550000000000000711e+00 -2.438449503863296397e-02 -3.463517283635841881e-02 -2.492499738426939837e-02 -2.258005093144221931e-02 -2.184768792634628198e-02
5.600000000000000533e+00 -2.434488404811787840e-02 -3.476168323018136164e-02 -2.490638367871472747e-02 -2.259725334065876279e-02 -2.183777826619826001e-02
5.650000000000000355e+00 -2.432496736813277716e-02 -3.493846870281824835e-02 -2.490493854220260372e-02 -2.262588405269327918e-02 -2.185201857124452474e-02
5.700000000000000178e+00 -2.433067143975279137e-02 -3.515419615495962713e-02 -2.493232959637353696e-02 -2.266110810243693319e-02 -2.189739009797464497e-02
5.750000000000000000e+00 -2.436514837595581129e-02 -3.539019832977052804e-02 -2.499569169937015944e-02 -2.269959813526734038e-02 -2.197331815639858021e-02
5.800000000000000711e+00 -2.442800042567256497e-02 -3.562657018214543392e-02 -2.509406718637224865e-02 -2.274062278935229386e-02 -2.207051836089490848e-02
5.850000000000000533e+00 -2.451514312334325194e-02 -3.584767159897983557e-02 -2.521777157936111458e-02 -2.278563852448622917e-02 -2.217304859977731191e-02
5.900000000000000355e+00 -2.461934435497227167e-02 -3.604504970404820430e-02 -2.535126788111186080e-02 -2.283670893568900961e-02 -2.226293300203185943e-02
5.950000000000000178e+00 -2.473131543021764994e-02 -3.621701791277243121e-02 -2.547839496540443838e-02 -2.289457368682412675e-02 -2.232556405884489337e-02
6.000000000000000000e+00 -2.484110758343547470e-02 -3.636564834930555712e-02 -2.558756866830547150e-02 -2.295727246197365456e-02 -2.235371403455643780e-02
6.050000000000000711e+00 -2.493951788780833512e-02 -3.649307153084613287e-02 -2.567453077052167520e-02 -2.301990619631988366e-02 -2.234859785582576919e-02
6.100000000000000533e+00 -2.501924037523679117e-02 -3.659916643815919191e-02 -2.574142676852769762e-02 -2.307557989764397188e-02 -2.231775649455536303e-02
6.150000000000000355e+00 -2.507559129471132950e-02 -3.668183418275861030e-02 -2.579285695113564536e-02 -2.311708405559054214e-02 -2.227095122275812855e-02
6.200000000000000178e+00 -2.510675451342706324e-02 -3.673952616633491264e-02 -2.583111728089088066e-02 -2.313864256059117164e-02 -2.221609984512373792e-02
6.250000000000000000e+00 -2.511359584584966012e-02 -3.677436126049449250e-02 -2.585330887975412217e-02 -2.313714464408644922e-02 -2.215714658429512873e-02
6.300000000000000711e+00 -2.509915928472651256e-02 -3.679375312674015852e-02 -2.585208265392990867e-02 -2.311259085425454440e-02 -2.209471236300220021e-02
6.350000000000000533e+00 -2.506797955654775645e-02 -3.680922151936660836e-02 -2.581992351283202147e-02 -2.306783390592370697e-02 -2.202893739261524431e-02
6.400000000000000355e+00 -2.502533609730733105e-02 -3.683259200320743165e-02 -2.575497420501005053e-02 -2.300791391092460447e-02 -2.196280855923382624e-02
6.450000000000000178e+00 -2.497655083330414458e-02 -3.687127778144483337e-02 -2.566540459849803169e-02 -2.293930087323980960e-02 -2.190400881302290159e-02
6.500000000000000000e+00 -2.492640820349322633e-02 -3.692497499757418922e-02 -2.556978479907795476e-02 -2.286921190571000739e-02 -2.186405675899671941e-02
6.550000000000000711e+00 -2.487875278923411260e-02 -3.698553700423667934e-02 -2.549266456406351633e-02 -2.280498834326127877e-02 -2.185485840566769866e-02
6.600000000000000533e+00 -2.483629276780277562e-02 -3.704032012418112529e-02 -2.545679776012971240e-02 -2.275341757624615990e-02 -2.188410207917823591e-02
6.650000000000000355e+00 -2.480060198176090719e-02 -3.707766777910526113e-02 -2.547510935033359125e-02 -2.271991702115228051e-02 -2.195155217729616304e-02
6.700000000000000178e+00 -2.477227330724133397e-02 -3.709220525494705267e-02 -2.554577423311193973e-02 -2.270762977620577328e-02 -2.204794117594000014e-02
6.750000000000000000e+00 -2.475114382978887279e-02 -3.708768685320806835e-02 -2.565252298810161147e-02 -2.271662758967785134e-02 -2.215700982247104101e-02
6.800000000000000711e+00 -2.473650390690863843e-02 -3.707620779299469760e-02 -2.577010088243375519e-02 -2.274349287123278440e-02 -2.225987220455527549e-02
6.850000000000000533e+00 -2.472722676880522580e-02 -3.707417788161004868e-02 -2.587269292388671982e-02 -2.278151740154332749e-02 -2.233994527842120270e-02
6.900000000000000355e+00 -2.472180777064494558e-02 -3.709683730984669747e-02 -2.594201874608154101e-02 -2.282162531721254606e-02 -2.238660189204932927e-02
6.950000000000000178e+00 -2.471836251963594605e-02 -3.715362195657090361e-02 -2.597212744095217518e-02 -2.285395105729171039e-02 -2.239646259644123560e-02
7.000000000000000000e+00 -2.471467319795039169e-02 -3.724610088252555684e-02 -2.596945885656676278e-02 -2.286983168568179625e-02 -2.237240274077789692e-02
7.050000000000000711e+00 -2.470837029989269434e-02 -3.736885474203510693e-02 -2.594874275229197558e-02 -2.286384096910065722e-02 -2.232131076107535250e-02
7.100000000000000533e+00 -2.469728768388421147e-02 -3.751231317420766764e-02 -2.592687672785976005e-02 -2.283541550454903923e-02 -2.225192903926309640e-02
7.150000000000000355e+00 -2.467994881319810971e-02 -3.766593519501160170e-02 -2.591740665784408870e-02 -2.278961697623760330e-02 -2.217365667003812213e-02
7.200000000000000178e+00 -2.465606365843029876e-02 -3.782041001638725142e-02 -2.592752371309348103e-02 -2.273666902537774259e-02 -2.209631709182424686e-02
7.250000000000000000e+00 -2.462687362594664572e-02 -3.796842879435802232e-02 -2.595805672452017321e-02 -2.269013403853603617e-02 -2.203013392151897953e-02
7.300000000000000711e+00 -2.459519787065545318e-02 -3.810443951599018497e-02 -2.600555387023750775e-02 -2.266395116944097676e-02 -2.198497222669071327e-02
7.350000000000000533e+00 -2.456510751519431351e-02 -3.822420080470378956e-02 -2.606488060519968064e-02 -2.266896697049880505e-02 -2.196840893683993379e-02
7.400000000000000355e+00 -2.454126084712527148e-02 -3.832479383500830838e-02 -2.613102732358763003e-02 -2.270990539259831742e-02 -2.198310792173030492e-02
7.450000000000000178e+00 -2.452803545891129103e-02 -3.840524293630198649e-02 -2.619971075198346266e-02 -2.278377369586692680e-02 -2.202475240162260484e-02
7.500000000000000000e+00 -2.452865706826258888e-02 -3.846737680806089354e-02 -2.626725566009319168e-02 -2.288038034827799549e-02 -2.208193182279272193e-02
7.550000000000000711e+00 -2.454452904355378107e-02 -3.851631127354371298e-02 -2.633061772240263831e-02 -2.298499172559420600e-02 -2.213871622308571929e-02
7.600000000000000533e+00 -2.457491282684117276e-02 -3.856004281245428711e-02 -2.638808470000447715e-02 -2.308238404403195609e-02 -2.217943967042224074e-02
7.650000000000000355e+00 -2.461701818835479103e-02 -3.860801547195469308e-02 -2.644043882617685970e-02 -2.316096415173607426e-02 -2.219403913047979238e-02
7.700000000000000178e+00 -2.466646403931520293e-02 -3.866897151746084837e-02 -2.649170182633858728e-02 -2.321551566627222396e-02 -2.218177210591698589e-02
7.750000000000000000e+00 -2.471799367415798004e-02 -3.874872993661893084e-02 -2.654848349363803095e-02 -2.324758377143798516e-02 -2.215159599081029107e-02
7.800000000000000711e+00 -2.476628966711416635e-02 -3.884862713925463229e-02 -2.661755507118834796e-02 -2.326340552426808816e-02 -2.211879635113933595e-02
7.850000000000000533e+00 -2.480673531129809831e-02 -3.896515805845091052e-02 -2.670228964019499829e-02 -2.327027444683216206e-02 -2.209904215733082822e-02
7.900000000000000355e+00 -2.483600165237021332e-02 -3.909094021973880118e-02 -2.679949358347671895e-02 -2.327287958542589852e-02 -2.210220315557176463e-02
7.950000000000000178e+00 -2.485238669750941543e-02 -3.921665827977105501e-02 -2.689835919886501836e-02 -2.327117891932350968e-02 -2.212844716370510056e-02
8.000000000000000000e+00 -2.485588255561396037e-02 -3.933333145870288039e-02 -2.698258455704677372e-02 -2.326071912760463434e-02 -2.216823874909290559e-02
8.050000000000000711e+00 -2.484798878318315515e-02 -3.943420119849039285e-02 -2.703537333096611706e-02 -2.323525909782020449e-02 -2.220626678806070231e-02
8.099999999999999645e+00 -2.483132339565116697e-02 -3.951574736600194093e-02 -2.704563749633043246e-02 -2.319054393255803870e-02 -2.222772496088265548e-02
8.150000000000000355e+00 -2.480910719483034668e-02 -3.957769745771799741e-02 -2.701294795424052930e-02 -2.312755161301416340e-02 -2.222443526989081874e-02
8.200000000000001066e+00 -2.478461234649614875e-02 -3.962225758762960570e-02 -2.694903971889206495e-02 -2.305373069174387890e-02 -2.219840986772414482e-02
8.250000000000000000e+00 -2.476067051573323935e-02 -3.965304244241862897e-02 -2.687494807352697190e-02 -2.298158501057856462e-02 -2.216150502701297320e-02
8.300000000000000711e+00 -2.473932583559929066e-02 -3.967421609140020511e-02 -2.681462045658444815e-02 -2.292507985015290739e-02 -2.213135676104593941e-02
8.349999999999999645e+00 -2.472169111163538199e-02 -3.969014018901084739e-02 -2.678733720178766431e-02 -2.289525961625682449e-02 -2.212516489868976421e-02
8.400000000000000355e+00 -2.470802354364167244e-02 -3.970544270448361779e-02 -2.680179928945702894e-02 -2.289678779985593327e-02 -2.215359516519188610e-02
8.450000000000001066e+00 -2.469798610997941263e-02 -3.972507863162288988e-02 -2.685405650969113767e-02 -2.292671822026470796e-02 -2.221689758169498319e-02
8.500000000000000000e+00 -2.469101461456005980e-02 -3.975389071624357840e-02 -2.692987083249664959e-02 -2.297587379130883178e-02 -2.230445081430332266e-02
8.550000000000000711e+00 -2.468668172150216902e-02 -3.979548539705046739e-02 -2.701035019338632326e-02 -2.303216270601038396e-02 -2.239773465170791233e-02
8.599999999999999645e+00 -2.468494846371271575e-02 -3.985076333959358674e-02 -2.707850307451659111e-02 -2.308445176135709431e-02 -2.247565485163915966e-02
8.650000000000000355e+00 -2.468622385104850964e-02 -3.991686105409053553e-02 -2.712421109074186765e-02 -2.312552282749125165e-02 -2.252052010862093390e-02
8.700000000000001066e+00 -2.469120823071108486e-02 -3.998728458814049258e-02 -2.714598372961063433e-02 -2.315315683033281058e-02 -2.252291422027985490e-02
8.750000000000000000e+00 -2.470056163379098432e-02 -4.005358397980907093e-02 -2.714931206542453568e-02 -2.316925060635022238e-02 -2.248413945210581133e-02
8.800000000000000711e+00 -2.471449572042786272e-02 -4.010821531885777613e-02 -2.714282901202930143e-02 -2.317767801353065593e-02 -2.241564032648413196e-02
8.849999999999999645e+00 -2.473241945202062086e-02 -4.014759267252554498e-02 -2.713423207814147364e-02 -2.318201688303045405e-02 -2.233563812040206820e-02
8.900000000000000355e+00 -2.475276321881722183e-02 -4.017405742057511553e-02 -2.712776129043803497e-02 -2.318414016323488980e-02 -2.226393202928167447e-02
8.950000000000001066e+00 -2.477306316042756848e-02 -4.019576128070412313e-02 -2.712409617359329284e-02 -2.318412323235041761e-02 -2.221631022689130042e-02
9.000000000000000000e+00 -2.479031733666886561e-02 -4.022422160102334665e-02 -2.712231601615100463e-02 -2.318123748240863424e-02 -2.220015447559897659e-02
9.050000000000000711e+00 -2.480154736684312550e-02 -4.027027286950790597e-02 -2.712262314624486192e-02 -2.317530338651063726e-02 -2.221255061160554156e-02
9.099999999999999645e+00 -2.480443562141687250e-02 -4.033988103921504198e-02 -2.712825421871511988e-02 -2.316757189834706132e-02 -2.224154750871121244e-02
9.150000000000000355e+00 -2.479787822757885049e-02 -4.043145708182060982e-02 -2.714546502651626891e-02 -2.316060529506114296e-02 -2.227027120030311558e-02
9.200000000000001066e+00 -2.478230802736931110e-02 -4.053581265973127401e-02 -2.718141524537781573e-02 -2.315717106841641559e-02 -2.228265673848150996e-02
9.250000000000000000e+00 -2.475969652537571633e-02 -4.063894001454415594e-02 -2.724077133474833712e-02 -2.315868677465748871e-02 -2.226893430090637338e-02
9.300000000000000711e+00 -2.473322477580666354e-02 -4.072673221041755998e-02 -2.732247969308515545e-02 -2.316402544645101980e-02 -2.222897382012090084e-02
9.349999999999999645e+00 -2.470669702923345215e-02 -4.078996956502356497e-02 -2.741820345781798007e-02 -2.316939276023333161e-02 -2.217224581399501737e-02
9.400000000000000355e+00 -2.468383376176461891e-02 -4.082768811775383533e-02 -2.751336443809343502e-02 -2.316955612147453270e-02 -2.211432341908681209e-02
9.450000000000001066e+00 -2.466760509498953924e-02 -4.084756522092736208e-02 -2.759078933515457521e-02 -2.316011247212867996e-02 -2.207112598612281928e-02
9.500000000000000000e+00 -2.465974648041935682e-02 -4.086308976146513228e-02 -2.763595156058951119e-02 -2.313996229460768550e-02 -2.205299247937109186e-02
9.550000000000000711e+00 -2.466054439171557616e-02 -4.088859608897332798e-02 -2.764207867513968075e-02 -2.311292886966742621e-02 -2.206079425626228385e-02
9.600000000000001421e+00 -2.466890934058966339e-02 -4.093412909706539704e-02 -2.761324269047377156e-02 -2.308764391127093862e-02 -2.208556432534147795e-02
9.650000000000000355e+00 -2.468268861981357670e-02 -4.100213564011045975e-02 -2.756408215187577948e-02 -2.307538756842475447e-02 -2.211179661693041254e-02
9.700000000000001066e+00 -2.469912881615727099e-02 -4.108714671414681607e-02 -2.751590180787022444e-02 -2.308634866242109673e-02 -2.212317152722187430e-02
9.750000000000000000e+00 -2.471538511084617196e-02 -4.117835464473140750e-02 -2.749020575781413456e-02 -2.312548509538214780e-02 -2.210855186432492125e-02
9.800000000000000711e+00 -2.472898641143473145e-02 -4.126388271123437868e-02 -2.750176018522648702e-02 -2.318952675075258707e-02 -2.206602885712616313e-02
9.850000000000001421e+00 -2.473819107130907635e-02 -4.133502421193180343e-02 -2.755361699315839186e-02 -2.326647843013118777e-02 -2.200359283294206492e-02
9.900000000000000355e+00 -2.474219551447276802e-02 -4.138892535571070397e-02 -2.763596072572538365e-02 -2.333823449600647137e-02 -2.193631768801496129e-02
9.950000000000001066e+00 -2.474118091455750415e-02 -4.142893921294110715e-02 -2.772931919885257557e-02 -2.338581444848719659e-02 -2.188124316276907066e-02
1.000000000000000000e+01 -2.473620164639413546e-02 -4.146282873977813477e-02 -2.781108175030411189e-02 -2.339565090913875434e-02 -2.185190897890931794e-02
